0 0.779515 0.103808 0.106239 0.114126
0 0.678611 0.032827 0.037114 0.036186
0 0.599048 0.063214 0.025516 0.029227
0 0.594349 0.108272 0.015436 0.018586
0 0.643229 0.077787 0.018326 0.017843
0 0.602446 0.175898 0.019159 0.018627
0 0.287125 0.254662 0.021820 0.020755
0 0.331829 0.270628 0.021820 0.022884
0 0.374404 0.258387 0.017562 0.019691
0 0.412189 0.251203 0.037785 0.029802
0 0.176471 0.224724 0.017004 0.017004
0 0.168888 0.240349 0.019301 0.019761
0 0.167509 0.262408 0.026654 0.023438
0 0.163186 0.293868 0.019360 0.022208
0 0.102120 0.425996 0.015962 0.017122
0 0.145942 0.365632 0.026990 0.035696
0 0.166111 0.381449 0.013930 0.016252
0 0.084882 0.614456 0.014758 0.015700
0 0.135752 0.558719 0.017270 0.017270
0 0.265792 0.611679 0.018029 0.019364
0 0.314704 0.546241 0.029714 0.020700
0 0.336906 0.592815 0.029380 0.023705
0 0.328224 0.649272 0.028079 0.018582
0 0.263808 0.559254 0.029730 0.016930
0 0.331321 0.724424 0.018582 0.020233
0 0.350935 0.732063 0.020646 0.020646
0 0.868304 0.908562 0.015147 0.025510
0 0.907565 0.951012 0.021126 0.022720
0 0.914051 0.326138 0.018628 0.023708
0 0.794098 0.337146 0.033869 0.025402
0 0.767567 0.324727 0.019193 0.020886
0 0.797202 0.616002 0.022015 0.024273
0 0.844902 0.652694 0.019193 0.020886
0 0.734827 0.665112 0.020322 0.019757
0 0.709142 0.726924 0.020886 0.016935
0 0.678660 0.755995 0.019757 0.018628
0 0.701240 0.787888 0.019757 0.016935
0 0.728899 0.806234 0.023144 0.028789
0 0.850829 0.793533 0.023144 0.033869
0 0.539863 0.688698 0.018452 0.016015
0 0.529245 0.702972 0.015319 0.014622
0 0.522075 0.626689 0.015356 0.018236
0 0.372428 0.565849 0.013067 0.015474
0 0.402688 0.564474 0.013067 0.016849
0 0.623132 0.494448 0.016984 0.020903
0 0.620064 0.526950 0.018774 0.017260
0 0.693647 0.518774 0.015141 0.015443
0 0.677447 0.527707 0.016655 0.015746
0 0.647902 0.535301 0.021644 0.019067
0 0.689901 0.554368 0.019067 0.017006
0 0.499441 0.499255 0.014909 0.015282
0 0.453967 0.498695 0.014909 0.011927
0 0.478941 0.501118 0.016400 0.014537
0 0.416315 0.510188 0.021831 0.015718
0 0.366168 0.547215 0.018342 0.012908
0 0.390455 0.535156 0.024117 0.018003
0 0.558095 0.593914 0.024592 0.021385
0 0.568965 0.569322 0.023523 0.020672
0 0.463174 0.478723 0.028369 0.019095
0 0.897019 0.565685 0.024995 0.028483
0 0.927246 0.563360 0.024995 0.024995
0 0.940947 0.500919 0.014706 0.026195
0 0.955653 0.549173 0.022059 0.024357
0 0.792969 0.683134 0.021140 0.023897
0 0.904483 0.781067 0.020216 0.017281
0 0.960269 0.207802 0.017475 0.018503
0 0.983141 0.197780 0.013877 0.019017
0 0.922749 0.258686 0.018503 0.018503
0 0.847194 0.281558 0.019531 0.020045
0 0.768744 0.362726 0.026748 0.026244
0 0.801044 0.529019 0.058039 0.060057
0 0.865878 0.741347 0.040446 0.043639
0 0.714678 0.616432 0.021491 0.020074
0 0.907709 0.737113 0.025929 0.043376
0 0.938414 0.398650 0.023548 0.020778
0 0.478102 0.826701 0.016811 0.019023
0 0.779620 0.728567 0.027166 0.038407