
0 0.825163 0.521821 0.028617 0.030048
0 0.750043 0.690304 0.017170 0.020747
0 0.969322 0.826952 0.029333 0.026471
0 0.988997 0.845553 0.015739 0.019317
0 0.150870 0.794042 0.019317 0.025040
0 0.899597 0.637685 0.020014 0.019324
0 0.893623 0.521416 0.017989 0.022272
0 0.777121 0.086246 0.023129 0.030839
0 0.386068 0.379215 0.035979 0.034265
0 0.460167 0.389066 0.019703 0.024842
0 0.568531 0.373647 0.020559 0.024842
0 0.703231 0.348970 0.015836 0.018182
0 0.521400 0.356228 0.019893 0.021099
0 0.530442 0.294741 0.021099 0.022304
0 0.440924 0.279972 0.020496 0.021701
0 0.317949 0.429772 0.018084 0.019893
0 0.339048 0.467147 0.020496 0.024715
0 0.407166 0.290521 0.019290 0.023510
0 0.348090 0.251640 0.016879 0.016879
0 0.355324 0.276657 0.015673 0.021099
0 0.295344 0.529237 0.018687 0.018687
0 0.302879 0.588313 0.019290 0.018687
0 0.274848 0.485231 0.018687 0.018687
0 0.279369 0.357133 0.021701 0.021701
0 0.319457 0.313428 0.017482 0.018687
0 0.317347 0.334527 0.020496 0.017482
0 0.233254 0.528634 0.017482 0.019893
0 0.125952 0.498794 0.021099 0.021701
0 0.114198 0.458104 0.018084 0.022304
0 0.087975 0.386068 0.030744 0.025318
0 0.145845 0.373107 0.021099 0.021099
0 0.126857 0.330006 0.020496 0.019290
0 0.013527 0.356831 0.024113 0.025921
0 0.240789 0.452980 0.013262 0.015673
0 0.258873 0.455392 0.021701 0.025318
0 0.217882 0.031913 0.021701 0.024715
0 0.319457 0.072302 0.018687 0.021099
0 0.011719 0.028296 0.016879 0.024715
0 0.070192 0.049093 0.019290 0.020496
0 0.168150 0.426155 0.018687 0.021099
0 0.094305 0.485231 0.030141 0.024715
0 0.022871 0.296851 0.019893 0.020496
0 0.191676 0.389650 0.020473 0.021701
0 0.234875 0.376343 0.015150 0.018016
0 0.253914 0.397430 0.018016 0.018426
0 0.169471 0.511581 0.018780 0.019406
0 0.202649 0.509077 0.020032 0.019406
0 0.119704 0.435835 0.016902 0.015650
0 0.020384 0.125768 0.015925 0.020609
0 0.036308 0.475879 0.032786 0.026697
0 0.018979 0.399299 0.017798 0.015925
0 0.095090 0.299067 0.013583 0.023419
0 0.451873 0.103768 0.028035 0.025232
0 0.236204 0.091053 0.016721 0.020278
0 0.298327 0.052502 0.017960 0.020205
0 0.279111 0.105306 0.014532 0.016857
0 0.539246 0.651773 0.016557 0.019010
0 0.383893 0.635009 0.018901 0.022501
0 0.909591 0.798618 0.021791 0.020984
0 0.896925 0.201472 0.020384 0.022237
0 0.858196 0.191651 0.027425 0.023349
0 0.063317 0.759378 0.022163 0.024934
0 0.031463 0.734802 0.030951 0.041624