0 0.256253 0.239715 0.021264 0.025989
0 0.581118 0.312169 0.022051 0.027564
0 0.675781 0.452674 0.034555 0.039062
0 0.215767 0.573008 0.026208 0.030576
0 0.226755 0.596694 0.020205 0.015394
0 0.335004 0.637363 0.019317 0.020926
0 0.340124 0.585295 0.019778 0.022251
0 0.338064 0.529256 0.022251 0.022251
0 0.382565 0.516482 0.025547 0.029668
0 0.463327 0.525135 0.018954 0.025547
0 0.587355 0.566340 0.028020 0.033788
0 0.568813 0.631444 0.030492 0.028844
0 0.600541 0.686659 0.021427 0.025547
0 0.421298 0.802858 0.030492 0.032140
0 0.447669 0.835410 0.017306 0.024723
0 0.556863 0.806979 0.021427 0.025547
0 0.673886 0.918645 0.016482 0.019778
0 0.250297 0.483930 0.026371 0.027195
0 0.715503 0.013779 0.020603 0.021427
0 0.762451 0.066311 0.021023 0.021701
0 0.932332 0.020535 0.023058 0.029161
0 0.875705 0.077840 0.026449 0.028483
0 0.930637 0.099542 0.023736 0.029839
0 0.959459 0.102593 0.016276 0.018311
0 0.781021 0.173267 0.021817 0.025972
0 0.707260 0.230926 0.019739 0.022856
0 0.924921 0.152972 0.028483 0.040109
0 0.908354 0.198893 0.020926 0.023833
0 0.738909 0.484305 0.018020 0.020345
0 0.756348 0.400891 0.020345 0.025577
0 0.818255 0.382580 0.025577 0.036621
0 0.843831 0.417167 0.016276 0.016276
0 0.901669 0.363107 0.016857 0.019764
0 0.822905 0.323289 0.023251 0.021508
0 0.852551 0.332299 0.024414 0.027902
0 0.870861 0.269229 0.022670 0.023833
0 0.886847 0.243652 0.019764 0.019182
0 0.911551 0.243362 0.019182 0.020926
0 0.913876 0.225342 0.022670 0.018601
0 0.937709 0.247431 0.014532 0.017439
0 0.965902 0.307885 0.017439 0.018601
0 0.929243 0.195709 0.014153 0.016579
0 0.929688 0.893195 0.019017 0.024157
0 0.993447 0.966607 0.013106 0.019871
0 0.958727 0.821238 0.019531 0.022101
0 0.735643 0.985401 0.017284 0.020165
0 0.914535 0.951696 0.015556 0.017284
0 0.948070 0.766014 0.020327 0.025629
0 0.640427 0.708910 0.020767 0.018295
0 0.669490 0.723483 0.020658 0.021597
0 0.905982 0.302719 0.014963 0.021264
0 0.513725 0.987226 0.016892 0.015836
0 0.539062 0.966639 0.016892 0.022171
0 0.558858 0.971125 0.016364 0.024810
0 0.624158 0.887721 0.021056 0.023960
0 0.605757 0.867224 0.019801 0.024302
0 0.515130 0.750330 0.017881 0.016964
0 0.235044 0.450199 0.045910 0.035794
0 0.177073 0.659129 0.043576 0.053691
0 0.936175 0.858878 0.022775 0.021395
0 0.904466 0.920229 0.017686 0.019993
0 0.948162 0.914501 0.014873 0.019570
0 0.181059 0.210148 0.027011 0.031167