0 0.867969 0.405469 0.032813 0.051563
0 0.684939 0.069669 0.020032 0.021463
0 0.720710 0.077896 0.024325 0.023609
0 0.674565 0.111164 0.019317 0.025755
0 0.373047 0.469482 0.061035 0.090332
0 0.214355 0.656860 0.041504 0.028076
0 0.346214 0.806203 0.025555 0.029206
0 0.330699 0.857312 0.021904 0.023730
0 0.315183 0.884693 0.029206 0.034682
0 0.112113 0.785211 0.024642 0.031031
0 0.368118 0.951318 0.029206 0.029206
0 0.105724 0.973222 0.022817 0.031031
0 0.030293 0.985467 0.020826 0.018574
0 0.268127 0.840113 0.025978 0.025015
0 0.519623 0.119414 0.018254 0.020992
0 0.936897 0.856369 0.015339 0.019940
0 0.945333 0.939453 0.016873 0.018406
0 0.911077 0.873241 0.024031 0.059821
0 0.934852 0.907242 0.025564 0.022497
0 0.993773 0.944531 0.012453 0.025386