0 0.634607 0.014028 0.021445 0.021445
0 0.656217 0.024751 0.019135 0.025074
0 0.670733 0.040422 0.018476 0.018805
0 0.700756 0.061207 0.017156 0.020125
0 0.724345 0.084631 0.032662 0.041900
0 0.617065 0.124289 0.024108 0.035549
0 0.592957 0.145536 0.018387 0.018387
0 0.631195 0.168561 0.015290 0.015290
0 0.654677 0.184747 0.017696 0.017696
0 0.781739 0.163718 0.019251 0.014438
0 0.780135 0.182567 0.026469 0.019251
0 0.794993 0.207790 0.018216 0.016698
0 0.824675 0.425535 0.014857 0.014494
0 0.814167 0.449451 0.011958 0.015944
0 0.830111 0.460321 0.017031 0.018118
0 0.850946 0.438036 0.023916 0.019930
0 0.883378 0.522466 0.017031 0.017756
0 0.826849 0.495833 0.017756 0.015219
0 0.990668 0.180102 0.018664 0.021774
0 0.989648 0.201270 0.013867 0.014844
0 0.993896 0.216600 0.010645 0.011519
0 0.696777 0.190527 0.015234 0.017969
0 0.709863 0.184180 0.013281 0.015820
0 0.678109 0.203995 0.026312 0.019228
0 0.528445 0.176049 0.019567 0.020655
0 0.501268 0.142531 0.012320 0.011596
0 0.469381 0.130754 0.018843 0.019205
0 0.432824 0.103159 0.017646 0.017646
0 0.389226 0.097532 0.021863 0.022228
0 0.408356 0.068017 0.020041 0.018584
0 0.421839 0.053441 0.020770 0.014940
0 0.086205 0.118300 0.017163 0.018193
0 0.065782 0.173221 0.017506 0.018879
0 0.108002 0.192443 0.013387 0.013387
0 0.144758 0.157967 0.019814 0.019814
0 0.072505 0.154466 0.016940 0.017439
0 0.264828 0.258101 0.023916 0.022421
0 0.097819 0.215413 0.017017 0.015493
0 0.496803 0.899635 0.024414 0.027902
0 0.299165 0.894113 0.019764 0.023833
0 0.374320 0.832741 0.014930 0.015909
0 0.013062 0.375546 0.026124 0.026124
0 0.092897 0.783518 0.014539 0.016478
0 0.109133 0.797936 0.016478 0.024475
0 0.010889 0.920635 0.021777 0.021426
0 0.030176 0.941797 0.027734 0.023242
0 0.073648 0.982048 0.048998 0.031999
0 0.261334 0.728934 0.015926 0.016811
0 0.398362 0.653728 0.015262 0.016368
0 0.415505 0.674189 0.018138 0.017474
0 0.015980 0.626065 0.024148 0.034091
0 0.544045 0.488267 0.038629 0.027438
0 0.538990 0.514260 0.040795 0.020939
0 0.561193 0.438807 0.018051 0.019495
0 0.572746 0.420936 0.022383 0.018412
0 0.592060 0.432670 0.023466 0.020217
0 0.596934 0.459927 0.031048 0.028521
0 0.219178 0.795884 0.037896 0.056359
0 0.255343 0.927806 0.015836 0.016295
0 0.270032 0.944904 0.014000 0.016984
0 0.175409 0.909536 0.016741 0.016741
0 0.173239 0.938678 0.019841 0.017981
0 0.191137 0.937878 0.015465 0.020906
0 0.114611 0.544246 0.020421 0.021992
0 0.134316 0.537938 0.016862 0.020374
0 0.112058 0.505366 0.019317 0.018959
0 0.092920 0.482114 0.020390 0.015382
0 0.067522 0.472993 0.016097 0.022178
0 0.072351 0.447952 0.018601 0.020747
0 0.049279 0.447416 0.022536 0.021105
0 0.003445 0.537035 0.006890 0.015717
0 0.140111 0.467588 0.014809 0.018721
0 0.169450 0.474294 0.014809 0.015927
0 0.192502 0.466610 0.013971 0.015089
0 0.021200 0.543297 0.017066 0.019594
0 0.038301 0.574431 0.016229 0.018468
0 0.220191 0.481300 0.017546 0.018008
0 0.227578 0.435588 0.015699 0.018008
0 0.122220 0.383570 0.026678 0.020421
0 0.147252 0.372866 0.018774 0.016798
0 0.160097 0.414036 0.016798 0.020091
0 0.166355 0.440385 0.023385 0.019432
0 0.040844 0.282986 0.020559 0.020559
0 0.089721 0.359350 0.022111 0.025796
0 0.504299 0.258623 0.023339 0.020882
0 0.217932 0.222020 0.021802 0.017260
0 0.221112 0.248819 0.022711 0.018169
0 0.133277 0.030385 0.015479 0.015479
0 0.131228 0.048824 0.015935 0.015935
0 0.161035 0.065918 0.014844 0.015234
0 0.041319 0.409681 0.026818 0.029853
0 0.386857 0.678368 0.021499 0.017855
0 0.409148 0.701749 0.017288 0.019127
0 0.420099 0.810042 0.020032 0.017756
0 0.199023 0.865043 0.019576 0.019576