0 0.927571 0.027296 0.022766 0.025962
0 0.912593 0.051660 0.020769 0.033151
0 0.841467 0.166616 0.021445 0.027713
0 0.789999 0.169915 0.018146 0.018476
0 0.798577 0.153584 0.019465 0.016826
0 0.760833 0.087535 0.018096 0.016848
0 0.823857 0.093463 0.053040 0.048672
0 0.507865 0.075621 0.021629 0.019662
0 0.535720 0.122156 0.018352 0.024906
0 0.728032 0.264790 0.025708 0.025374
0 0.713675 0.286325 0.021034 0.031050
0 0.674947 0.317708 0.017695 0.020366
0 0.700321 0.360944 0.015692 0.019364
0 0.507687 0.156637 0.031888 0.044985
0 0.531422 0.190077 0.013563 0.017180
0 0.543855 0.202284 0.015824 0.017180
0 0.618088 0.577917 0.026319 0.029089
0 0.556793 0.782233 0.018700 0.020778
0 0.749707 0.367676 0.014062 0.011719
0 0.759623 0.391774 0.020246 0.039003
0 0.732976 0.398027 0.024712 0.036621
0 0.709008 0.429140 0.019650 0.016673
0 0.691889 0.441049 0.018757 0.020246
0 0.647378 0.442686 0.018459 0.015780
0 0.667264 0.441447 0.019245 0.020473
0 0.651491 0.461380 0.017165 0.016644
0 0.651361 0.480235 0.015864 0.015344
0 0.670216 0.494278 0.015604 0.016905
0 0.692972 0.511183 0.016384 0.019505
0 0.657732 0.507412 0.016644 0.020806
0 0.619457 0.504227 0.016017 0.015127
0 0.693912 0.534827 0.014701 0.015751
0 0.673961 0.541128 0.014701 0.015751
0 0.698463 0.557579 0.032202 0.024152
0 0.713718 0.658958 0.016732 0.016732
0 0.711589 0.683170 0.016018 0.017051
0 0.720631 0.770492 0.019635 0.027385
0 0.632123 0.715737 0.014680 0.017233
0 0.662441 0.728503 0.022978 0.040211
0 0.702334 0.814989 0.019787 0.020425
0 0.656378 0.873072 0.018510 0.031914
0 0.683824 0.859030 0.021063 0.019148
0 0.672973 0.905624 0.022340 0.024254
0 0.955091 0.897646 0.018510 0.023616
0 0.961793 0.869881 0.017872 0.020425
0 0.985790 0.915537 0.020926 0.022919
0 0.956779 0.697890 0.020047 0.020047
0 0.967620 0.592888 0.018366 0.017659
0 0.654104 0.988565 0.016593 0.018963
0 0.673885 0.992412 0.017199 0.015176
0 0.733184 0.941262 0.017872 0.019574
0 0.684687 0.945525 0.014168 0.016698
0 0.681904 0.965765 0.020746 0.019734
0 0.745659 0.888095 0.020746 0.019228
0 0.747623 0.797802 0.017058 0.019048
0 0.733240 0.821638 0.020905 0.019710
0 0.916458 0.672886 0.052235 0.073810