0 0.916406 0.880469 0.026562 0.029687
0 0.494531 0.935156 0.026563 0.029687
0 0.507812 0.889844 0.018750 0.026562
0 0.520032 0.758270 0.023609 0.027902
0 0.504827 0.740885 0.017735 0.018858
0 0.538580 0.550235 0.025720 0.029739
0 0.516075 0.479102 0.022505 0.027328
0 0.464635 0.377829 0.028935 0.033758
0 0.561487 0.305893 0.021701 0.021701
0 0.602881 0.036635 0.030543 0.024916
0 0.411185 0.239181 0.018486 0.018486
0 0.425653 0.257668 0.016879 0.021701
0 0.982993 0.208441 0.020448 0.021153
0 0.981583 0.265907 0.024678 0.019038
0 0.026995 0.525642 0.021823 0.026187
0 0.611262 0.306224 0.029407 0.027651
0 0.686270 0.290823 0.015673 0.015673
0 0.697974 0.304073 0.016788 0.015969
0 0.551700 0.222939 0.016350 0.018117
0 0.617915 0.168592 0.025972 0.024934
0 0.496690 0.154396 0.020524 0.019862
0 0.487586 0.175748 0.018207 0.014897
0 0.504138 0.192135 0.017545 0.018538
0 0.564863 0.278598 0.021379 0.018480
0 0.571566 0.256675 0.014494 0.020292
0 0.928699 0.111106 0.021756 0.025218
0 0.888153 0.017405 0.021756 0.018790
0 0.866149 0.039409 0.024229 0.023240
0 0.748791 0.071785 0.034490 0.027514
0 0.574846 0.559877 0.020672 0.020672
0 0.473091 0.485088 0.021751 0.019733
0 0.494141 0.387695 0.018880 0.020833
0 0.513951 0.051425 0.036487 0.025755
0 0.757547 0.040007 0.021647 0.018203
0 0.532978 0.193415 0.018297 0.019148
0 0.576806 0.223414 0.020850 0.032339
0 0.907658 0.149119 0.018926 0.017412
0 0.357003 0.029157 0.025577 0.025577
0 0.583421 0.099695 0.025055 0.017652
0 0.920280 0.385471 0.023519 0.025564
0 0.769150 0.155226 0.033346 0.025010