0 0.938281 0.115625 0.032813 0.034375
0 0.977344 0.214844 0.039062 0.035938
0 0.935156 0.243750 0.026563 0.031250
0 0.972656 0.347656 0.032813 0.032812
0 0.986133 0.431250 0.027734 0.037500
0 0.822656 0.181250 0.032812 0.046875
0 0.841406 0.306250 0.026563 0.031250
0 0.787500 0.339062 0.031250 0.034375
0 0.904687 0.388281 0.031250 0.035938
0 0.882031 0.441406 0.039062 0.051563
0 0.773733 0.235884 0.039950 0.029593
0 0.821822 0.230705 0.029593 0.025154
0 0.536991 0.297289 0.036991 0.034032
0 0.656842 0.270656 0.028113 0.034032
0 0.684215 0.249201 0.026634 0.029593
0 0.685695 0.331321 0.023674 0.028113
0 0.477066 0.737482 0.029593 0.035511
0 0.454131 0.578421 0.031072 0.034032
0 0.505179 0.513317 0.032552 0.028113
0 0.529593 0.459310 0.034032 0.032552
0 0.550308 0.403823 0.022195 0.028113
0 0.596916 0.350556 0.035511 0.031072
0 0.622070 0.385328 0.020715 0.023674
0 0.632428 0.726385 0.023674 0.031072
0 0.782611 0.591738 0.025154 0.028113
0 0.812204 0.596177 0.025154 0.034032
0 0.811892 0.622662 0.022978 0.016220
0 0.841290 0.645302 0.046632 0.030412
0 0.724373 0.767625 0.033115 0.025005
0 0.781480 0.771342 0.027033 0.027033
0 0.891853 0.720801 0.018426 0.022725
0 0.496325 0.953104 0.031502 0.027302
0 0.535177 0.956779 0.033602 0.030452
0 0.701613 0.852823 0.028352 0.028352
0 0.736790 0.932103 0.029402 0.027302
0 0.418620 0.928292 0.018601 0.024182
0 0.480004 0.882719 0.016741 0.018601
0 0.799479 0.976656 0.026972 0.027902
0 0.987942 0.867372 0.024115 0.038794
0 0.973533 0.789381 0.019930 0.026307
0 0.635375 0.314246 0.019635 0.021185