0 0.047946 0.089292 0.018901 0.022839
0 0.087717 0.151115 0.022839 0.028352
0 0.103075 0.178679 0.017326 0.020476
0 0.078661 0.291299 0.020476 0.023627
0 0.128670 0.239715 0.018114 0.021264
0 0.430696 0.320439 0.020476 0.025202
0 0.386533 0.140997 0.017361 0.021081
0 0.428881 0.156080 0.020168 0.028660
0 0.648607 0.558381 0.024414 0.028660
0 0.732995 0.636931 0.025476 0.026537
0 0.798276 0.598718 0.018045 0.022291
0 0.859842 0.589695 0.015922 0.021230
0 0.380691 0.614448 0.019885 0.019885
0 0.473395 0.130972 0.018154 0.019406
0 0.490923 0.154760 0.014398 0.023162
0 0.548202 0.183556 0.023788 0.035682
0 0.610362 0.008729 0.014449 0.016940
0 0.777025 0.080228 0.013951 0.022421
0 0.766562 0.103147 0.018933 0.019432
0 0.882653 0.086456 0.019930 0.026905
0 0.646484 0.052575 0.013951 0.016940
0 0.692074 0.070761 0.014449 0.015446
0 0.707520 0.094178 0.016442 0.016442
0 0.638014 0.075993 0.027902 0.033881
0 0.665916 0.093680 0.020926 0.025411
0 0.646983 0.148238 0.025909 0.024912
0 0.625807 0.156210 0.013453 0.016940
0 0.679618 0.193828 0.020428 0.021425
0 0.754355 0.249133 0.017439 0.017439
0 0.984835 0.236903 0.022978 0.026808
0 0.954786 0.245480 0.014153 0.019343
0 0.969410 0.297847 0.020758 0.025004
0 0.984480 0.285975 0.014619 0.018713
0 0.918109 0.273987 0.016374 0.020467
0 0.892964 0.281297 0.022221 0.022221
0 0.910799 0.305272 0.020467 0.029238
0 0.859925 0.271356 0.015789 0.018713
0 0.940330 0.355270 0.023391 0.025145
0 0.697944 0.287729 0.025145 0.025730
0 0.989655 0.571725 0.016783 0.021818
0 0.640088 0.391736 0.018720 0.019968
0 0.656624 0.416384 0.020592 0.020592
0 0.636719 0.239397 0.015067 0.020647
0 0.658761 0.229911 0.021205 0.021763
0 0.682035 0.237013 0.016276 0.022272
0 0.671755 0.256716 0.021416 0.022272
0 0.623506 0.180543 0.016595 0.016595
0 0.616485 0.204478 0.048509 0.028722
0 0.601091 0.954911 0.038277 0.045148
0 0.646730 0.947060 0.021592 0.021592
0 0.681572 0.953439 0.020611 0.036314
0 0.722303 0.966198 0.017666 0.020611
0 0.909388 0.951434 0.026223 0.022606
0 0.924081 0.978335 0.018537 0.020345
0 0.897763 0.984009 0.017441 0.028076
0 0.967484 0.937871 0.013111 0.017180
0 0.981952 0.924986 0.029387 0.022154
0 0.971553 0.873219 0.017632 0.018989
0 0.954599 0.818287 0.019893 0.021249
0 0.970875 0.831398 0.014468 0.019441
0 0.989805 0.820918 0.020390 0.028320
0 0.911648 0.770363 0.018084 0.020345
0 0.897859 0.674063 0.019441 0.019441
0 0.649609 0.658594 0.030469 0.023438
0 0.568359 0.668750 0.022656 0.025000
0 0.503659 0.703755 0.020826 0.025892
0 0.448217 0.662104 0.013509 0.015760
0 0.436115 0.649721 0.015197 0.016886
0 0.134704 0.771861 0.016886 0.020263
0 0.130764 0.726270 0.013509 0.019137
0 0.116411 0.741748 0.015197 0.017449
0 0.082639 0.396997 0.025329 0.025892
0 0.105716 0.425140 0.017449 0.022514
0 0.108249 0.450750 0.028143 0.028706
0 0.064065 0.469324 0.017449 0.019700
0 0.045744 0.577109 0.018117 0.022094
0 0.038674 0.634554 0.014582 0.017675
0 0.058117 0.628146 0.022536 0.029606
0 0.071152 0.649799 0.014140 0.016350
0 0.094572 0.661067 0.024745 0.019443
0 0.165179 0.847264 0.018853 0.028656
0 0.096417 0.698315 0.016434 0.018646
0 0.099420 0.719332 0.043297 0.024019
0 0.117960 0.682435 0.015561 0.017707
0 0.164642 0.885259 0.026292 0.029512
0 0.037245 0.732548 0.022482 0.016393
0 0.446129 0.974752 0.015743 0.020171
0 0.958960 0.718818 0.017447 0.020840
0 0.852433 0.674524 0.021272 0.025139
0 0.249743 0.628938 0.030881 0.028074