0 0.909226 0.825521 0.052226 0.052226
0 0.939274 0.774725 0.019317 0.020747
0 0.955014 0.752547 0.020747 0.022178
0 0.612323 0.778660 0.033625 0.035772
0 0.987247 0.599883 0.025505 0.044518
0 0.888479 0.593364 0.046503 0.055804
0 0.963599 0.438831 0.017886 0.022894
0 0.965030 0.484618 0.020747 0.022894
0 0.988639 0.239226 0.016455 0.018601
0 0.958591 0.278217 0.019317 0.022178
0 0.804416 0.146577 0.018601 0.017886
0 0.737881 0.381239 0.028617 0.030764
0 0.703406 0.514028 0.029135 0.021581
0 0.724987 0.537228 0.018344 0.020502
0 0.718579 0.211317 0.018368 0.025103
0 0.685684 0.103357 0.013754 0.016161
0 0.784757 0.079756 0.015836 0.019355
0 0.803526 0.080635 0.015836 0.022288
0 0.925624 0.323039 0.028838 0.019662
0 0.043825 0.113165 0.020512 0.025417
0 0.119408 0.098004 0.019175 0.020066
0 0.145854 0.121535 0.018239 0.022799
0 0.169724 0.285668 0.020482 0.025603
0 0.118885 0.802478 0.025603 0.033649
0 0.305785 0.874532 0.017556 0.024140
0 0.030759 0.911303 0.023749 0.029891
0 0.050208 0.895129 0.025796 0.020473
0 0.309338 0.613545 0.019376 0.026352
0 0.585643 0.551928 0.023251 0.024027
0 0.514669 0.688886 0.021236 0.035486
0 0.463488 0.936990 0.021734 0.023472
0 0.449777 0.978516 0.018335 0.020328
0 0.217114 0.877950 0.017284 0.021893
0 0.613439 0.735263 0.026634 0.037484
0 0.425322 0.644626 0.017571 0.019599
0 0.978621 0.279044 0.012295 0.017564
0 0.991759 0.269720 0.012576 0.014372
0 0.968945 0.261523 0.016992 0.018164
0 0.488620 0.941991 0.021531 0.024606