0 0.291810 0.108302 0.012162 0.014309
0 0.356556 0.065018 0.027186 0.029333
0 0.392328 0.094351 0.018601 0.026471
0 0.357272 0.204885 0.028617 0.027186
0 0.449204 0.154089 0.023609 0.025755
0 0.439904 0.231714 0.029333 0.029333
0 0.570112 0.377304 0.030764 0.038633
0 0.658826 0.335451 0.042210 0.047934
0 0.467199 0.670712 0.014164 0.014164
0 0.814960 0.359479 0.035782 0.034292
0 0.799678 0.466827 0.039510 0.043237
0 0.874597 0.491054 0.041746 0.046964
0 0.978397 0.823017 0.026885 0.032420
0 0.983478 0.877926 0.029139 0.028372
0 0.962582 0.978397 0.026885 0.031630
0 0.949068 0.737165 0.018098 0.027148
0 0.937694 0.807925 0.028153 0.036071