0 0.245312 0.112500 0.043750 0.050000
0 0.433829 0.164340 0.021879 0.028283
0 0.453040 0.176614 0.021879 0.018677
0 0.462645 0.205697 0.037888 0.037355
0 0.454907 0.300418 0.025615 0.025081
0 0.445835 0.349780 0.017077 0.021346
0 0.468515 0.328701 0.031485 0.024014
0 0.130723 0.664426 0.023619 0.022711
0 0.188331 0.852994 0.022163 0.018008
0 0.171940 0.864768 0.019854 0.015699
0 0.011285 0.856292 0.022569 0.024340
0 0.350978 0.541062 0.016302 0.018147
0 0.365434 0.528759 0.015071 0.015687
0 0.326679 0.526298 0.032296 0.043369
0 0.637977 0.486016 0.018179 0.020044
0 0.880370 0.536359 0.017247 0.018179
0 0.944464 0.484850 0.016781 0.021442
0 0.966606 0.487647 0.016315 0.019578
0 0.326197 0.487144 0.023240 0.021756
0 0.334305 0.459710 0.020278 0.020278
0 0.407069 0.365329 0.020476 0.020476
0 0.497593 0.284056 0.024758 0.028884
0 0.560805 0.317059 0.022111 0.024217
0 0.623715 0.388919 0.036325 0.026849
0 0.958269 0.405576 0.022625 0.024472
0 0.919714 0.475297 0.028627 0.029089