0 0.273438 0.643663 0.024306 0.023438
0 0.857639 0.811632 0.024306 0.031250
0 0.762414 0.980293 0.018373 0.025962
0 0.790373 0.953133 0.018373 0.022766
0 0.827518 0.928369 0.017574 0.021968
0 0.857674 0.929568 0.017974 0.021169
0 0.868058 0.966513 0.028358 0.035148
0 0.923377 0.981891 0.022367 0.029157
0 0.931565 0.928769 0.025962 0.037145
0 0.931315 0.823055 0.021701 0.019235
0 0.487007 0.476948 0.025986 0.024309
0 0.517603 0.452639 0.020118 0.025986
0 0.436764 0.520812 0.024014 0.028817
0 0.868480 0.162741 0.034851 0.026138
0 0.971487 0.175931 0.027369 0.031101
0 0.782404 0.581938 0.098945 0.081423
0 0.961025 0.655994 0.077949 0.084123
0 0.920065 0.252508 0.014840 0.017233
0 0.945198 0.243652 0.017233 0.017712