0 0.053421 0.122572 0.030617 0.035895
0 0.063450 0.436128 0.042230 0.042230
0 0.034417 0.512669 0.034840 0.041174
0 0.117293 0.457770 0.042230 0.039062
0 0.617188 0.731208 0.043285 0.058066
0 0.574430 0.577069 0.023226 0.024282
0 0.486803 0.572846 0.014780 0.020059
0 0.108847 0.761296 0.021115 0.027449
0 0.178526 0.811972 0.031672 0.038007
0 0.238176 0.715372 0.022171 0.026394
0 0.280405 0.667335 0.020059 0.031672
0 0.223994 0.750078 0.029563 0.033925
0 0.204608 0.776248 0.034410 0.031017
0 0.229028 0.910156 0.012136 0.012894
0 0.436670 0.977635 0.014685 0.013584
0 0.431241 0.993373 0.024386 0.013253
0 0.736207 0.993546 0.015556 0.012908
0 0.479019 0.658310 0.026703 0.028229