0 0.132035 0.008127 0.020318 0.016255
0 0.201719 0.059525 0.021247 0.022882
0 0.206623 0.150235 0.019613 0.021247
0 0.204580 0.213569 0.020430 0.018796
0 0.077193 0.162642 0.021085 0.023304
0 0.116531 0.166832 0.026519 0.021047
0 0.139266 0.200480 0.025387 0.030710
0 0.911782 0.434139 0.017451 0.021276
0 0.880226 0.429955 0.017451 0.017690
0 0.813924 0.435710 0.016683 0.016276
0 0.895774 0.445195 0.013609 0.019494
0 0.863574 0.468262 0.015625 0.016797
0 0.853516 0.481543 0.015430 0.016406
0 0.692673 0.642931 0.015836 0.017054
0 0.718458 0.698358 0.019491 0.015836
0 0.780584 0.509136 0.017866 0.018272
0 0.725139 0.495189 0.014432 0.015715
0 0.721076 0.518893 0.027972 0.026990
0 0.562135 0.449271 0.015642 0.020205
0 0.566915 0.477623 0.016946 0.026505
0 0.635327 0.521497 0.018426 0.016788
0 0.642287 0.490378 0.022520 0.023339
0 0.582910 0.423926 0.012500 0.017187
0 0.594824 0.430859 0.013672 0.014648
0 0.573535 0.438184 0.013281 0.014453
0 0.592773 0.450586 0.037305 0.026367
0 0.617009 0.480945 0.023223 0.038110
0 0.636659 0.457722 0.035132 0.033942
0 0.660062 0.450911 0.015667 0.015145
0 0.774307 0.768938 0.022497 0.024031
0 0.850574 0.775284 0.015864 0.017685
0 0.855906 0.797520 0.018205 0.015864
0 0.886639 0.814006 0.015501 0.017273
0 0.879331 0.986288 0.017715 0.017273
0 0.911441 0.951965 0.017273 0.017715
0 0.904576 0.854087 0.015058 0.013287
0 0.922734 0.870695 0.015058 0.014615
0 0.816321 0.872368 0.084918 0.098505
0 0.565104 0.886960 0.016384 0.018540
0 0.895898 0.867578 0.016211 0.015820
0 0.770336 0.532692 0.019280 0.021795
0 0.869013 0.947058 0.017610 0.018411
0 0.881019 0.895428 0.017610 0.020812
0 0.616739 0.908809 0.018409 0.019756
0 0.611575 0.937096 0.017062 0.016164
0 0.618033 0.970211 0.021531 0.026144
0 0.411373 0.890387 0.019959 0.020909
0 0.081500 0.820464 0.024272 0.019342
0 0.103833 0.851448 0.022933 0.024462
0 0.398887 0.923897 0.036297 0.050989