0 0.136486 0.995571 0.017555 0.008858
0 0.144589 0.978479 0.021419 0.021419
0 0.149490 0.953067 0.020330 0.025775
0 0.176993 0.930306 0.015328 0.023734
0 0.113230 0.680536 0.035979 0.046258
0 0.227269 0.739001 0.023772 0.025699
0 0.343557 0.728721 0.028911 0.033409
0 0.349340 0.769197 0.026341 0.019274
0 0.403733 0.770143 0.019452 0.014688
0 0.408298 0.798725 0.029376 0.030567
0 0.380642 0.791951 0.023736 0.018989
0 0.312156 0.609046 0.029502 0.030249
0 0.343526 0.634067 0.018299 0.025021
0 0.407385 0.593548 0.057884 0.063486
0 0.160368 0.333070 0.027902 0.022129
0 0.084635 0.299740 0.012500 0.015625
0 0.063021 0.294010 0.025521 0.028125
0 0.117188 0.244922 0.023438 0.025781
0 0.106191 0.151303 0.018576 0.019637
0 0.165103 0.203051 0.020699 0.020168
0 0.192171 0.227995 0.019637 0.018045
0 0.239672 0.232241 0.022291 0.020168
0 0.624661 0.344880 0.029517 0.020096
0 0.664226 0.387271 0.025749 0.016956
0 0.723887 0.276741 0.018212 0.019468
0 0.517898 0.116911 0.028261 0.030145
0 0.544903 0.118481 0.015700 0.016956
0 0.600482 0.163384 0.022609 0.027633
0 0.891165 0.684522 0.042084 0.041005
0 0.981807 0.614921 0.026977 0.026977
0 0.803759 0.545861 0.020502 0.026977
0 0.831276 0.603052 0.030214 0.033451
0 0.961844 0.498921 0.028056 0.030214
0 0.807954 0.436018 0.010439 0.014817
0 0.821079 0.452525 0.022488 0.024987
0 0.424915 0.386996 0.017756 0.017756
0 0.422512 0.422158 0.024060 0.021937
0 0.417558 0.478770 0.045290 0.021937
0 0.418266 0.503538 0.043875 0.024768
0 0.835909 0.502718 0.022104 0.025365
0 0.862305 0.661816 0.013477 0.017578
0 0.923448 0.748210 0.027127 0.031467
0 0.971036 0.446185 0.014545 0.015376
0 0.367956 0.596465 0.018757 0.016078
0 0.366616 0.614032 0.015482 0.012505
0 0.689826 0.417705 0.030284 0.024140
0 0.898404 0.015309 0.022739 0.027765
0 0.886317 0.044630 0.025850 0.022739
0 0.868724 0.067249 0.028483 0.027286
0 0.857953 0.096091 0.032313 0.028962
0 0.992438 0.313423 0.015123 0.020394
0 0.918032 0.365416 0.034908 0.020195
0 0.913866 0.324197 0.016418 0.016205
0 0.960640 0.393571 0.030787 0.025490
0 0.924391 0.396716 0.039725 0.032442
0 0.744722 0.398042 0.033017 0.035342
0 0.808547 0.388858 0.016974 0.016974
0 0.628613 0.282227 0.023047 0.022461