0 0.217511 0.954935 0.026677 0.034299
0 0.363758 0.640053 0.033346 0.044779
0 0.014283 0.218918 0.016315 0.019112
0 0.051574 0.077444 0.022841 0.027036
0 0.091429 0.135479 0.021442 0.024705
0 0.132449 0.154824 0.022375 0.020510
0 0.106811 0.245488 0.023307 0.023773
0 0.104014 0.081873 0.018646 0.020044
0 0.121028 0.084903 0.016315 0.024239
0 0.138742 0.110307 0.016315 0.018179
0 0.087233 0.108909 0.013052 0.016315
0 0.765543 0.328781 0.017942 0.021018
0 0.865250 0.358770 0.019480 0.024606
0 0.885242 0.356720 0.014354 0.019480
0 0.958036 0.395423 0.013328 0.017942
0 0.901390 0.329550 0.013841 0.018455
0 0.921339 0.263735 0.026777 0.029927
0 0.984895 0.798585 0.026304 0.028559
0 0.658420 0.528522 0.017981 0.027282
0 0.834201 0.656250 0.022321 0.023562
0 0.858073 0.633309 0.025422 0.024802
0 0.878534 0.615947 0.022941 0.023562
0 0.978671 0.433966 0.019841 0.029142
0 0.144540 0.254694 0.016100 0.018642
0 0.751810 0.559821 0.014316 0.021985
0 0.790668 0.578483 0.016361 0.024542
0 0.963458 0.010190 0.020379 0.020379
0 0.978130 0.034864 0.036951 0.028018
0 0.183127 0.270035 0.022607 0.027425
0 0.210367 0.218520 0.031873 0.022978
0 0.229268 0.235754 0.016307 0.018160
0 0.830657 0.728545 0.015595 0.022279
0 0.891925 0.728545 0.012625 0.017081
0 0.885543 0.691115 0.017675 0.017675
0 0.945111 0.858771 0.021795 0.026824
0 0.964452 0.699142 0.019999 0.027233
0 0.982228 0.772792 0.020177 0.019370
0 0.722667 0.692851 0.015866 0.021884
0 0.541027 0.625971 0.034671 0.035827
0 0.621047 0.595317 0.029238 0.036256
0 0.884218 0.381796 0.015908 0.018559
0 0.860819 0.332996 0.014379 0.017974
0 0.918800 0.334056 0.014326 0.016714
0 0.052869 0.117564 0.023749 0.019654
0 0.111030 0.141559 0.014713 0.016184
0 0.118938 0.112501 0.017288 0.015448
0 0.129053 0.132180 0.015448 0.015816
0 0.101283 0.112685 0.012138 0.017288
0 0.970453 0.104053 0.020755 0.027142
0 0.943578 0.190800 0.018094 0.030335
0 0.967526 0.196654 0.022352 0.031399
0 0.966196 0.224327 0.015433 0.018627
0 0.053670 0.420912 0.023382 0.019944
0 0.092698 0.405954 0.036105 0.029916
0 0.945516 0.090860 0.019335 0.020645
0 0.241660 0.222969 0.020864 0.022313