0 0.149934 0.303112 0.022839 0.023627
0 0.168835 0.247984 0.019689 0.022051
0 0.293662 0.235777 0.036227 0.035440
0 0.228295 0.266491 0.023627 0.022839
0 0.284605 0.318470 0.029139 0.025989
0 0.230658 0.350365 0.018901 0.018901
0 0.375961 0.289724 0.040165 0.044103
0 0.418489 0.271610 0.052766 0.048828
0 0.302719 0.507088 0.019689 0.018901
0 0.303900 0.543709 0.028352 0.025989
0 0.281061 0.564579 0.033077 0.028352
0 0.624039 0.279880 0.044890 0.038590
0 0.758317 0.205456 0.017326 0.022051
0 0.635459 0.434633 0.015751 0.018901
0 0.694525 0.605532 0.020476 0.017326
0 0.780368 0.624039 0.026777 0.022839
0 0.759498 0.957567 0.032290 0.031502
0 0.874086 0.908739 0.017326 0.018901
0 0.894957 0.950873 0.025989 0.025989
0 0.495275 0.707126 0.034652 0.028352
0 0.943391 0.690981 0.026777 0.027564
0 0.980406 0.200731 0.033077 0.028352
0 0.983162 0.251922 0.024414 0.020476
0 0.463379 0.281061 0.032290 0.036227
0 0.257277 0.763595 0.031951 0.032466
0 0.275313 0.730355 0.029890 0.028859
0 0.240528 0.600233 0.025251 0.025251