0 0.059904 0.498715 0.023129 0.025699
0 0.125472 0.586567 0.021463 0.022178
0 0.135130 0.614827 0.022178 0.018601
0 0.040694 0.716418 0.019317 0.017170
0 0.026027 0.746823 0.018601 0.019317
0 0.051783 0.771506 0.017170 0.022894
0 0.227779 0.943209 0.037202 0.045788
0 0.305045 0.762563 0.018601 0.019317
0 0.303972 0.841618 0.016455 0.024325
0 0.346825 0.819330 0.014778 0.021169
0 0.332646 0.811941 0.012781 0.019172
0 0.322754 0.825977 0.017578 0.026367
0 0.654162 0.593050 0.027024 0.028867
0 0.580152 0.486795 0.030095 0.033780
0 0.581073 0.451172 0.025796 0.031324
0 0.601648 0.422919 0.030095 0.023953
0 0.834484 0.828823 0.022645 0.026419
0 0.761360 0.879303 0.025476 0.027363
0 0.806178 0.885907 0.026419 0.027363
0 0.938745 0.848166 0.017927 0.023588
0 0.955011 0.882726 0.014840 0.016755
0 0.970808 0.882248 0.014840 0.017712
0 0.963388 0.829590 0.015319 0.015797
0 0.981340 0.831265 0.016755 0.028722
0 0.731742 0.992444 0.023675 0.015112