0 0.817969 0.744531 0.023438 0.029688
0 0.043472 0.117164 0.028758 0.039542
0 0.073827 0.120359 0.029556 0.033151
0 0.013947 0.204716 0.027895 0.026597
0 0.042473 0.235789 0.017974 0.017175
0 0.069434 0.268940 0.061509 0.050725
0 0.098391 0.320464 0.031554 0.036346
0 0.102785 0.398150 0.041938 0.048728
0 0.045070 0.309281 0.028758 0.021169
0 0.061046 0.332846 0.032752 0.029956
0 0.087008 0.673944 0.023965 0.023565
0 0.195249 0.974302 0.021568 0.023565
0 0.048664 0.941949 0.020769 0.017175
0 0.024300 0.742843 0.033551 0.027160
0 0.012917 0.666355 0.025163 0.025163
0 0.029692 0.684329 0.019571 0.022766
0 0.102984 0.905204 0.051924 0.057915
0 0.038280 0.836505 0.033551 0.035548
0 0.134746 0.905305 0.012446 0.017233
0 0.155171 0.912805 0.026488 0.030956
0 0.052249 0.884083 0.038935 0.039254
0 0.062143 0.692919 0.046594 0.048828
0 0.086069 0.767636 0.049398 0.065864
0 0.044144 0.766243 0.034959 0.030652
0 0.017925 0.864026 0.032679 0.041292