0 0.186719 0.174219 0.023438 0.026562
0 0.639844 0.280469 0.026562 0.032813
0 0.827344 0.186719 0.017187 0.020312
0 0.899568 0.376231 0.018601 0.025040
0 0.899926 0.406994 0.025040 0.029333
0 0.869162 0.457790 0.029333 0.030764
0 0.789749 0.554730 0.019317 0.028617
0 0.777229 0.688158 0.021463 0.026471
0 0.804839 0.546136 0.013461 0.018356
0 0.773753 0.737525 0.027092 0.027722
0 0.773753 0.763987 0.027092 0.020161
0 0.733430 0.820691 0.020791 0.025202
0 0.653730 0.882434 0.018901 0.025202
0 0.669166 0.901651 0.018271 0.027092
0 0.620653 0.953944 0.014491 0.018271
0 0.397933 0.753906 0.020161 0.022681
0 0.318863 0.919607 0.022051 0.022681
0 0.228453 0.981981 0.021421 0.022681
0 0.345010 0.795174 0.021421 0.023311
0 0.371787 0.786038 0.017011 0.022681
0 0.209866 0.854713 0.025832 0.021421
0 0.194115 0.876134 0.025832 0.020161
0 0.230973 0.809035 0.016381 0.015751
0 0.289567 0.818800 0.021421 0.017641
0 0.010585 0.783182 0.021169 0.034694
0 0.039126 0.930318 0.015751 0.015121
0 0.013105 0.903938 0.026210 0.031338
0 0.059602 0.886845 0.016381 0.017641
0 0.166709 0.829826 0.018901 0.019531
0 0.227193 0.832661 0.022681 0.021421
0 0.612697 0.138608 0.016100 0.017794
0 0.599986 0.124839 0.015252 0.016523
0 0.548624 0.093235 0.015527 0.018387
0 0.987706 0.125439 0.024588 0.055960