0 0.729096 0.317884 0.024282 0.027449
0 0.852341 0.390664 0.019466 0.022711
0 0.447116 0.377037 0.021413 0.025306
0 0.275812 0.409806 0.024009 0.027253
0 0.625061 0.404301 0.021750 0.020445
0 0.637216 0.756276 0.025608 0.021404
0 0.401962 0.974713 0.016053 0.018729
0 0.573577 0.967833 0.016818 0.019493
0 0.405019 0.938402 0.012995 0.014906
0 0.456042 0.814027 0.020005 0.024217
0 0.506054 0.816396 0.013688 0.016320
0 0.546658 0.941623 0.014648 0.021159
0 0.501356 0.964681 0.036892 0.055339
0 0.426968 0.852110 0.015995 0.018521
0 0.927246 0.631362 0.015669 0.016398
0 0.353725 0.102250 0.027662 0.022633
0 0.381387 0.077102 0.019280 0.022633
0 0.321872 0.144582 0.052810 0.033530
0 0.370909 0.204097 0.035207 0.046942
0 0.564126 0.022616 0.022633 0.022633
0 0.559516 0.098478 0.018442 0.021795
0 0.581310 0.118177 0.020118 0.031015
0 0.513613 0.043087 0.022491 0.022491
0 0.533736 0.052853 0.020123 0.020715
0 0.047186 0.477165 0.024293 0.027208
0 0.038926 0.617576 0.021377 0.022349
0 0.190512 0.560731 0.019434 0.021377
0 0.218206 0.582109 0.022349 0.023321
0 0.519627 0.266870 0.027765 0.027765
0 0.512446 0.241019 0.024893 0.025850
0 0.528925 0.172665 0.015465 0.016610
0 0.592912 0.171448 0.015024 0.022931
0 0.610703 0.175797 0.015815 0.022141
0 0.521745 0.146540 0.024513 0.026885