0 0.016949 0.145214 0.033897 0.039214
0 0.009437 0.179043 0.018873 0.021635
0 0.018873 0.235291 0.017170 0.019317
0 0.031035 0.227421 0.017170 0.015024
0 0.045702 0.236722 0.015024 0.016455
0 0.047859 0.201264 0.023837 0.024606
0 0.107949 0.236732 0.013781 0.014732
0 0.129572 0.170677 0.017108 0.018533
0 0.159985 0.170440 0.022810 0.025661
0 0.158203 0.231829 0.023519 0.023519
0 0.162805 0.280657 0.033745 0.037324
0 0.188625 0.250746 0.025053 0.022497
0 0.204475 0.234130 0.029143 0.030166
0 0.230806 0.254070 0.031700 0.030166
0 0.200645 0.184946 0.023416 0.022884
0 0.280475 0.068618 0.017756 0.016949
0 0.320829 0.067407 0.019370 0.022598
0 0.446952 0.184727 0.028935 0.031346
0 0.343917 0.245426 0.025040 0.025040
0 0.361028 0.276726 0.024205 0.024205
0 0.706227 0.200138 0.034467 0.037914
0 0.259561 0.611406 0.020448 0.028909
0 0.474264 0.508109 0.022563 0.023973
0 0.471443 0.532082 0.021153 0.022563
0 0.448175 0.534550 0.019743 0.020448
0 0.449938 0.564517 0.031729 0.032435
0 0.481315 0.556760 0.039486 0.023973
0 0.600477 0.643488 0.018333 0.019743
0 0.679095 0.768643 0.017627 0.017627
0 0.663557 0.590827 0.022536 0.023219
0 0.709654 0.624973 0.030048 0.025951
0 0.570051 0.369396 0.019591 0.020778
0 0.563818 0.395814 0.028495 0.021372
0 0.517216 0.350102 0.026714 0.024934
0 0.462600 0.296673 0.024340 0.017810
0 0.445087 0.335261 0.022559 0.024934
0 0.262189 0.102367 0.032100 0.028935
0 0.240262 0.138084 0.046115 0.038882
0 0.290491 0.047856 0.030114 0.035277
0 0.316073 0.114630 0.017955 0.018831
0 0.341355 0.129206 0.024695 0.035920
0 0.316439 0.139766 0.025123 0.026744
0 0.409632 0.130752 0.024293 0.026236
0 0.604458 0.689482 0.019434 0.018462
0 0.659776 0.737088 0.017361 0.020074
0 0.669000 0.838542 0.022786 0.016819
0 0.665944 0.483047 0.023399 0.016714
0 0.664034 0.505492 0.024354 0.023399
0 0.400584 0.328002 0.032552 0.042230
0 0.403765 0.441325 0.020303 0.014212
0 0.386508 0.452492 0.022333 0.020303
0 0.742644 0.668926 0.021218 0.025026
0 0.780901 0.830065 0.025029 0.024135
0 0.292077 0.504985 0.027567 0.024047
0 0.342368 0.394808 0.030145 0.033285
0 0.370997 0.503617 0.027730 0.027730
0 0.520430 0.724323 0.017979 0.018796
0 0.617678 0.835464 0.017979 0.018796
0 0.649140 0.854259 0.018796 0.020430
0 0.610732 0.558430 0.023699 0.023699
0 0.111268 0.202868 0.032552 0.029524