0 0.226128 0.963108 0.033854 0.039062
0 0.481337 0.809896 0.042535 0.036458
0 0.291667 0.674913 0.029514 0.030382
0 0.320312 0.813368 0.032986 0.029514
0 0.399306 0.541233 0.052083 0.051215
0 0.272569 0.587674 0.029514 0.029514
0 0.400197 0.779554 0.068681 0.086925
0 0.429650 0.047356 0.112930 0.094416
0 0.509018 0.029240 0.015975 0.019067
0 0.566765 0.282266 0.017937 0.018933
0 0.126795 0.724873 0.042230 0.043285
0 0.276922 0.885072 0.032169 0.023744
0 0.203484 0.896536 0.032158 0.035468
0 0.059067 0.623607 0.040975 0.060096
0 0.514638 0.252150 0.013636 0.015641
0 0.846202 0.462920 0.020559 0.023496
0 0.755154 0.274583 0.017622 0.019825
0 0.705959 0.184636 0.016154 0.019091
0 0.791867 0.223185 0.036713 0.030105
0 0.966988 0.215842 0.018356 0.021293
0 0.951936 0.094323 0.016154 0.023496