0 0.288626 0.668329 0.030839 0.038549
0 0.347733 0.634920 0.043688 0.053968
0 0.402344 0.545616 0.042403 0.037264
0 0.449887 0.507710 0.037264 0.048828
0 0.622713 0.672183 0.033409 0.043688
0 0.837942 0.639417 0.032124 0.044973
0 0.926604 0.709447 0.037264 0.038549
0 0.299548 0.936883 0.039833 0.043688
0 0.262510 0.819248 0.036337 0.032444
0 0.451334 0.757605 0.031146 0.033742
0 0.424730 0.800755 0.028551 0.033093
0 0.496756 0.713157 0.028551 0.026604
0 0.529200 0.711534 0.028551 0.035039
0 0.699197 0.629284 0.028853 0.033292
0 0.735818 0.605424 0.051048 0.045499
0 0.894848 0.533784 0.043285 0.036951
0 0.942356 0.515836 0.036951 0.034840
0 0.883235 0.487331 0.064400 0.034840
0 0.577597 0.221284 0.063345 0.041174
0 0.319468 0.025443 0.032728 0.027449
0 0.316301 0.055004 0.028505 0.029561
0 0.654622 0.087354 0.037339 0.038297
0 0.658000 0.188145 0.023032 0.028560
0 0.625755 0.125958 0.034088 0.036851
0 0.584833 0.057094 0.023017 0.027620
0 0.608178 0.077809 0.024989 0.038799
0 0.037102 0.804955 0.023973 0.029614
0 0.053812 0.835062 0.029044 0.030728
0 0.260361 0.771960 0.032321 0.024010
0 0.256402 0.887912 0.046658 0.109592
0 0.419705 0.301432 0.043403 0.060764