0 0.788596 0.977593 0.024293 0.027208
0 0.326013 0.987334 0.028076 0.021426
0 0.211404 0.845441 0.022349 0.023321
0 0.233267 0.855644 0.019434 0.022349
0 0.325093 0.796856 0.020406 0.025264
0 0.365419 0.862931 0.023321 0.027208
0 0.432467 0.661303 0.023321 0.024293
0 0.390197 0.612232 0.022349 0.023321
0 0.022804 0.204920 0.015836 0.020059
0 0.026235 0.248205 0.026921 0.029561
0 0.276182 0.268264 0.016892 0.014780
0 0.276710 0.286740 0.021115 0.016892
0 0.288323 0.306535 0.015836 0.015308
0 0.253220 0.306535 0.013197 0.017420
0 0.295186 0.266153 0.013725 0.014780
0 0.143687 0.351668 0.021115 0.024282
0 0.183277 0.394162 0.014780 0.019531
0 0.209407 0.497097 0.019531 0.027977
0 0.042335 0.319732 0.021115 0.021643
0 0.068201 0.347181 0.017948 0.020587
0 0.991750 0.103763 0.016501 0.024695
0 0.906115 0.199623 0.018184 0.022225
0 0.419518 0.121498 0.017511 0.023572
0 0.211072 0.270003 0.019531 0.025593
0 0.549147 0.692121 0.025531 0.024254
0 0.061978 0.310232 0.015739 0.018601
0 0.160024 0.438249 0.021509 0.024284
0 0.260283 0.538854 0.024284 0.022896
0 0.175731 0.192633 0.020032 0.023788
0 0.807436 0.018694 0.017568 0.021185