0 0.488847 0.201047 0.019586 0.020674
0 0.419209 0.338146 0.022850 0.023938
0 0.407514 0.272518 0.020680 0.026425
0 0.301520 0.367768 0.022171 0.023754
0 0.300690 0.433563 0.024747 0.020178
0 0.292504 0.459833 0.025889 0.027032
0 0.264140 0.500952 0.019417 0.016371
0 0.258239 0.523605 0.023605 0.022844
0 0.291933 0.495051 0.018656 0.019036
0 0.711902 0.501565 0.028170 0.029422
0 0.744454 0.525979 0.021910 0.026918
0 0.732560 0.582319 0.038186 0.036934
0 0.119418 0.749681 0.022163 0.030474
0 0.306073 0.857380 0.020085 0.017315
0 0.377064 0.874349 0.030474 0.027704
0 0.410309 0.870886 0.023548 0.029089
0 0.389184 0.956422 0.022856 0.021471
0 0.199759 0.969235 0.026319 0.018008
0 0.188677 0.943262 0.027704 0.027011
0 0.122534 0.838334 0.045019 0.056793
0 0.062971 0.812015 0.020085 0.018008
0 0.324338 0.552996 0.017864 0.020246
0 0.189725 0.789260 0.019284 0.020767
0 0.079955 0.847360 0.028184 0.026206
0 0.124825 0.945557 0.015259 0.019455
0 0.566406 0.919118 0.024816 0.028033
0 0.575858 0.874494 0.021798 0.027902
0 0.440075 0.160977 0.023304 0.024414