0 0.496528 0.572049 0.029514 0.024306
0 0.575955 0.330295 0.026910 0.032118
0 0.495226 0.376736 0.019965 0.026042
0 0.384163 0.828291 0.021817 0.031167
0 0.402344 0.812708 0.020778 0.027011
0 0.711415 0.985684 0.021817 0.019739
0 0.942570 0.942570 0.047789 0.041556
0 0.901696 0.873876 0.051099 0.048828
0 0.921285 0.787575 0.018736 0.022711
0 0.974002 0.829024 0.048090 0.053375
0 0.897349 0.689869 0.038422 0.044826
0 0.959785 0.687308 0.027536 0.024334
0 0.992236 0.668467 0.015529 0.028916
0 0.947298 0.612705 0.034580 0.037782
0 0.957223 0.652088 0.030097 0.033299
0 0.859247 0.662013 0.026255 0.030097
0 0.802574 0.630315 0.032018 0.028176
0 0.830110 0.711642 0.034580 0.038422
0 0.870132 0.606258 0.027830 0.022264
0 0.875698 0.554141 0.038961 0.034407
0 0.898721 0.529600 0.025300 0.024794
0 0.944007 0.561731 0.046045 0.039467
0 0.964247 0.530612 0.020746 0.021758
0 0.958681 0.451931 0.026818 0.026312
0 0.951850 0.388429 0.016192 0.016698
0 0.930345 0.400573 0.015686 0.016698
0 0.769090 0.556328 0.034899 0.050206
0 0.983757 0.425900 0.014040 0.018408
0 0.822917 0.501736 0.040365 0.036892