0 0.104184 0.192107 0.033742 0.034391
0 0.029563 0.021452 0.023360 0.024009
0 0.063629 0.033781 0.020115 0.025306
0 0.283275 0.192107 0.020764 0.020115
0 0.342418 0.189276 0.023304 0.023304
0 0.438298 0.261310 0.025980 0.029227
0 0.484459 0.307703 0.023660 0.025516
0 0.497912 0.327188 0.029227 0.027372
0 0.523660 0.329971 0.018557 0.018093
0 0.534330 0.348528 0.017629 0.019021
0 0.551728 0.312110 0.017165 0.024124
0 0.570053 0.312342 0.020413 0.023660
0 0.559614 0.280563 0.021804 0.027836
0 0.564022 0.234171 0.018557 0.022268
0 0.643353 0.274300 0.019485 0.020877
0 0.667941 0.277780 0.019485 0.021341
0 0.679771 0.251104 0.023660 0.023660
0 0.716421 0.217933 0.020877 0.032475
0 0.749824 0.229996 0.028299 0.024124
0 0.682323 0.185227 0.022268 0.016237
0 0.692993 0.205871 0.021341 0.024124
0 0.670493 0.150664 0.019021 0.019485
0 0.698792 0.128396 0.017165 0.023196
0 0.661446 0.121669 0.019485 0.015310
0 0.670724 0.099169 0.017629 0.017629
0 0.565645 0.075972 0.018093 0.018557
0 0.595337 0.076668 0.022732 0.020877
0 0.586754 0.049761 0.038970 0.028299
0 0.728144 0.077716 0.015076 0.014741
0 0.716418 0.096477 0.014406 0.014741
0 0.771528 0.063981 0.021441 0.022111
0 0.959975 0.168616 0.031137 0.019006
0 0.978576 0.153250 0.031946 0.021432
0 0.989153 0.184285 0.021695 0.043065
0 0.439688 0.436719 0.017500 0.020312