0 0.872596 0.513522 0.020433 0.022236
0 0.850361 0.409555 0.019231 0.022236
0 0.784555 0.606070 0.017428 0.018630
0 0.749099 0.556791 0.016226 0.021034
0 0.783954 0.546875 0.016226 0.019231
0 0.797175 0.497296 0.015024 0.021034
0 0.807392 0.459435 0.022236 0.024639
0 0.813702 0.428185 0.019231 0.018630
0 0.774940 0.419471 0.018630 0.020433
0 0.757812 0.402945 0.014423 0.015024
0 0.750300 0.372296 0.025841 0.035457
0 0.697191 0.438965 0.018780 0.025666
0 0.714406 0.409230 0.015650 0.016276
0 0.676845 0.382312 0.014398 0.018780
0 0.638033 0.506573 0.019406 0.018154
0 0.685922 0.545072 0.020032 0.026292
0 0.715032 0.533178 0.020658 0.021284
0 0.755382 0.506674 0.015456 0.016159
0 0.744887 0.519113 0.014335 0.017919
0 0.756878 0.532198 0.014861 0.018399
0 0.614258 0.552734 0.020508 0.024414
0 0.598145 0.355957 0.023438 0.023438
0 0.530762 0.512207 0.025391 0.023438
0 0.581879 0.577255 0.018498 0.015777
0 0.471722 0.512166 0.023017 0.021044
0 0.559186 0.435225 0.033539 0.032881
0 0.369134 0.479614 0.021701 0.021701
0 0.454296 0.338226 0.019729 0.019071
0 0.393466 0.429964 0.020386 0.019729
0 0.382286 0.459557 0.061158 0.028935
0 0.311921 0.337897 0.023017 0.022359
0 0.335924 0.424045 0.017098 0.017098
0 0.362558 0.430621 0.026962 0.026305
0 0.223472 0.342501 0.017098 0.018413
0 0.280356 0.391822 0.020386 0.018413
0 0.285288 0.412866 0.015783 0.015783
0 0.301399 0.432594 0.037484 0.023674
0 0.292522 0.228404 0.021044 0.019071
0 0.026186 0.098853 0.021044 0.019071
0 0.084057 0.190262 0.018413 0.020386
0 0.107731 0.209333 0.015783 0.019071
0 0.147846 0.255695 0.014468 0.017098
0 0.169547 0.252407 0.013152 0.014468
0 0.267861 0.238926 0.016440 0.019071
0 0.051880 0.216966 0.053267 0.035089
0 0.078514 0.240217 0.020292 0.019024
0 0.168772 0.308281 0.022406 0.024097
0 0.167504 0.336817 0.021560 0.016065
0 0.166447 0.359857 0.019447 0.015642
0 0.166803 0.414296 0.018657 0.020406
0 0.108169 0.450569 0.021701 0.020094
0 0.210648 0.403951 0.019290 0.021701
0 0.238378 0.407166 0.026524 0.028131
0 0.221854 0.288557 0.035749 0.024414
0 0.091936 0.333461 0.018311 0.016567
0 0.088013 0.286813 0.020926 0.015695
0 0.133789 0.289429 0.020054 0.017439
0 0.241618 0.211100 0.022380 0.019667
0 0.161915 0.274800 0.015229 0.017133
0 0.053711 0.250000 0.022135 0.021484
0 0.234845 0.135334 0.021015 0.027195
0 0.216354 0.478325 0.018646 0.018646
0 0.260797 0.538404 0.027432 0.025237
0 0.419834 0.483481 0.029151 0.020406
0 0.448500 0.396999 0.026236 0.022349
0 0.197639 0.249713 0.021548 0.015747
0 0.113243 0.267393 0.017957 0.017957
0 0.343525 0.490150 0.019137 0.018574
0 0.365758 0.525047 0.021952 0.021952
0 0.312550 0.526897 0.017380 0.019035
0 0.367999 0.624139 0.024000 0.026483