0 0.814170 0.113872 0.030839 0.034694
0 0.886332 0.227063 0.020747 0.020032
0 0.905291 0.264623 0.040064 0.045072
0 0.012656 0.286024 0.025312 0.033749
0 0.366215 0.178414 0.019317 0.024325
0 0.508778 0.349675 0.023042 0.029626
0 0.595462 0.292069 0.027432 0.024140
0 0.317855 0.015559 0.025237 0.024140
0 0.086333 0.468728 0.023042 0.026334
0 0.924091 0.834665 0.021945 0.027432
0 0.678245 0.986271 0.028825 0.023552
0 0.035886 0.458323 0.015290 0.016769
0 0.040818 0.436869 0.018249 0.016276
0 0.433650 0.308893 0.036446 0.035511
0 0.372907 0.239739 0.023363 0.029904
0 0.504731 0.564879 0.043928 0.062851
0 0.503717 0.622324 0.045956 0.047983