0 0.071724 0.707372 0.016472 0.015884
0 0.126435 0.740317 0.020002 0.020590
0 0.032038 0.667482 0.064077 0.085077
0 0.230690 0.784411 0.032216 0.034230
0 0.265120 0.796968 0.014733 0.015154
0 0.285114 0.797599 0.019363 0.023993
0 0.326155 0.811279 0.024835 0.024414
0 0.425285 0.907883 0.016837 0.018100
0 0.180775 0.281655 0.026717 0.023953
0 0.122427 0.208430 0.036825 0.030765
0 0.394739 0.280273 0.023213 0.026415
0 0.199896 0.462079 0.018349 0.028135
0 0.292251 0.451478 0.024465 0.025688
0 0.298367 0.508359 0.030174 0.028543
0 0.363404 0.424566 0.018349 0.016718
0 0.350967 0.444138 0.035067 0.040367
0 0.084005 0.134397 0.031973 0.031278
0 0.027895 0.205833 0.033551 0.032352
0 0.583650 0.581315 0.019453 0.019453
0 0.607383 0.598434 0.023344 0.024122
0 0.591431 0.689087 0.019453 0.021788
0 0.634618 0.696480 0.014006 0.019453
0 0.656017 0.695312 0.022566 0.026457
0 0.677804 0.829541 0.016341 0.019453
0 0.596878 0.824094 0.019453 0.022566
0 0.653682 0.816702 0.025679 0.029569
0 0.504669 0.969606 0.020232 0.022566
0 0.559917 0.983223 0.024900 0.024900
0 0.568277 0.786762 0.038897 0.035587