0 0.309455 0.011941 0.021228 0.023881
0 0.097928 0.029605 0.026471 0.025755
0 0.014138 0.187676 0.014956 0.017156
0 0.034373 0.184597 0.015836 0.016276
0 0.153152 0.236590 0.034423 0.032178
0 0.129770 0.250588 0.018667 0.019704
0 0.272572 0.153288 0.030804 0.029493
0 0.309931 0.110030 0.034737 0.029493
0 0.201588 0.517930 0.021132 0.021132
0 0.068071 0.537782 0.032018 0.023694
0 0.416432 0.045658 0.023053 0.026895
0 0.483991 0.056545 0.021132 0.026895
0 0.675331 0.168475 0.068106 0.051783
0 0.660978 0.236581 0.021389 0.024766
0 0.621296 0.268102 0.036586 0.038274
0 0.706851 0.347465 0.029832 0.029269
0 0.504503 0.357315 0.028143 0.033209
0 0.619326 0.403469 0.018012 0.016323
0 0.527017 0.489024 0.015760 0.016323
0 0.518293 0.535460 0.018574 0.015760
0 0.520263 0.565573 0.023640 0.017449
0 0.511257 0.584429 0.020263 0.015760
0 0.539400 0.587243 0.018012 0.020263
0 0.493664 0.770046 0.016028 0.016400
0 0.506523 0.786073 0.016400 0.021619
0 0.865149 0.689651 0.023353 0.024768
0 0.853119 0.717604 0.031844 0.031137
0 0.852766 0.759001 0.035383 0.045998
0 0.978660 0.918527 0.022129 0.026940
0 0.931516 0.920932 0.015394 0.018280
0 0.944745 0.933440 0.017799 0.022129
0 0.834340 0.810047 0.017318 0.016837
0 0.826162 0.842037 0.019243 0.029826
0 0.829049 0.871863 0.017318 0.020205
0 0.843962 0.889182 0.022129 0.024053
0 0.631434 0.905101 0.020680 0.018382
0 0.105426 0.863698 0.015797 0.016515
0 0.159998 0.913423 0.017233 0.019747
0 0.237549 0.978516 0.019531 0.023193
0 0.311892 0.861008 0.020278 0.018144
0 0.316961 0.791368 0.021879 0.018677
0 0.339908 0.708387 0.019745 0.025615
0 0.313268 0.709614 0.022065 0.020430
0 0.235686 0.674452 0.018339 0.014671
0 0.239125 0.694854 0.018798 0.020632
0 0.348038 0.656390 0.021909 0.024239
0 0.103814 0.583197 0.016017 0.015572
0 0.031325 0.485014 0.015985 0.021230
0 0.049308 0.493506 0.015985 0.023228
0 0.143416 0.939347 0.053615 0.037020
0 0.209263 0.799794 0.018376 0.022314
0 0.222126 0.819877 0.023101 0.022051