0 0.040464 0.507876 0.032290 0.033077
0 0.429908 0.587024 0.020476 0.024414
0 0.596869 0.690587 0.023627 0.025202
0 0.659085 0.687831 0.018901 0.014963
0 0.671686 0.709882 0.034652 0.030714
0 0.868574 0.585449 0.026777 0.032290
0 0.592143 0.515751 0.023627 0.020476
0 0.662629 0.460622 0.019689 0.020476
0 0.702007 0.438965 0.037015 0.041740
0 0.733509 0.694525 0.027564 0.023627
0 0.655496 0.248106 0.027662 0.034368
0 0.714592 0.163442 0.020118 0.025986
0 0.735549 0.133684 0.025148 0.026824
0 0.925517 0.187883 0.017021 0.015744
0 0.925730 0.204904 0.019999 0.014893
0 0.803009 0.045555 0.018431 0.014305
0 0.799221 0.079503 0.022628 0.028582
0 0.523623 0.148584 0.020944 0.026788
0 0.557474 0.154672 0.018508 0.024353
0 0.337808 0.202648 0.022405 0.021918
0 0.372389 0.093058 0.017534 0.018021
0 0.392359 0.061643 0.024353 0.020457
0 0.403318 0.106209 0.019970 0.018995
0 0.395038 0.129832 0.020944 0.020457
0 0.417443 0.128858 0.018995 0.019483
0 0.377504 0.034367 0.022892 0.021431
0 0.411354 0.024382 0.024353 0.030685
0 0.439604 0.024382 0.022405 0.020944
0 0.835669 0.675544 0.029257 0.022141
0 0.673631 0.508928 0.018584 0.017126
0 0.625558 0.539621 0.021763 0.018415
0 0.615234 0.582031 0.018973 0.018415
0 0.627511 0.560268 0.015625 0.017299
0 0.643415 0.565569 0.015067 0.015625
0 0.907542 0.408880 0.020762 0.021531
0 0.593364 0.311395 0.020926 0.023609
0 0.721336 0.302541 0.017170 0.017707
0 0.526846 0.370453 0.021934 0.020378
0 0.590094 0.403988 0.024332 0.020386
0 0.630537 0.298440 0.032881 0.024989
0 0.657126 0.337866 0.026292 0.026292
0 0.374745 0.697435 0.026537 0.026537
0 0.527441 0.791086 0.023136 0.017756
0 0.574789 0.752346 0.016680 0.017756
0 0.841214 0.838884 0.020044 0.018179