0 0.221788 0.035156 0.033854 0.037326
0 0.310764 0.035156 0.031250 0.033854
0 0.348090 0.073351 0.057292 0.051215
0 0.500868 0.146701 0.034722 0.038194
0 0.555556 0.161024 0.032986 0.039062
0 0.621962 0.168403 0.040799 0.055556
0 0.603666 0.112380 0.043570 0.040565
0 0.675781 0.246845 0.031550 0.039062
0 0.729868 0.218299 0.034555 0.054087
0 0.842548 0.151442 0.040565 0.049579
0 0.429387 0.404597 0.031550 0.036058
0 0.693725 0.441247 0.028582 0.025407
0 0.859353 0.429227 0.024140 0.030723
0 0.908181 0.414962 0.029626 0.035112
0 0.889147 0.015036 0.031352 0.030073
0 0.136196 0.748267 0.044702 0.040575
0 0.163361 0.838702 0.027509 0.030260
0 0.244856 0.935671 0.024070 0.022007
0 0.199367 0.990819 0.025248 0.018362
0 0.380681 0.452891 0.028884 0.045390
0 0.447389 0.459768 0.033011 0.042639
0 0.397477 0.658975 0.025955 0.023360
0 0.601550 0.656055 0.048666 0.060346
0 0.877479 0.914204 0.015441 0.018780
0 0.925681 0.959694 0.016693 0.018780
0 0.834872 0.671875 0.025568 0.024858
0 0.804332 0.847656 0.032670 0.028409
0 0.734844 0.781958 0.020939 0.025633
0 0.715169 0.764268 0.019856 0.021300
0 0.371486 0.578052 0.019604 0.021782
0 0.177625 0.701847 0.023960 0.026865
0 0.413598 0.944717 0.023960 0.026138
0 0.274193 0.866302 0.026865 0.024686
0 0.285810 0.894618 0.028317 0.031947
0 0.257972 0.985796 0.018885 0.019382
0 0.272632 0.974117 0.017394 0.016897
0 0.446575 0.936844 0.021370 0.026837
0 0.465957 0.960202 0.017394 0.026837
0 0.080592 0.887198 0.018503 0.021245
0 0.039484 0.362451 0.043403 0.034467
0 0.143664 0.593816 0.023042 0.018105
0 0.351210 0.900265 0.020956 0.025986
0 0.443055 0.643113 0.023977 0.017483
0 0.467781 0.641364 0.026475 0.026974
0 0.479769 0.677580 0.025476 0.032469
0 0.635545 0.687130 0.035576 0.047672
0 0.647495 0.625943 0.046471 0.043777
0 0.456858 0.662252 0.019930 0.022275
0 0.763187 0.481992 0.020316 0.021240
0 0.379579 0.853674 0.030023 0.047179
0 0.017658 0.489343 0.019217 0.018518
0 0.017309 0.397278 0.026904 0.027952
0 0.512137 0.610353 0.017179 0.017925
0 0.480021 0.598963 0.030623 0.038465
0 0.790701 0.676202 0.012956 0.018462
0 0.807310 0.791603 0.020487 0.020487
0 0.820796 0.706863 0.031502 0.036752
0 0.924771 0.960282 0.017756 0.019122
0 0.902917 0.943892 0.038243 0.071023
0 0.778350 0.912846 0.021052 0.025730
0 0.812266 0.905244 0.023391 0.029238
0 0.937991 0.841504 0.022221 0.023391
0 0.920448 0.380707 0.024560 0.028069
0 0.799401 0.646777 0.021052 0.022221
0 0.745920 0.575120 0.015815 0.020559
0 0.760944 0.544677 0.014233 0.016606
0 0.767665 0.558910 0.018187 0.018187
0 0.812753 0.505051 0.017679 0.026940
0 0.968831 0.867933 0.021881 0.025934