0 0.345313 0.831250 0.031250 0.037500
0 0.267969 0.686719 0.026563 0.039062
0 0.757031 0.347656 0.035938 0.042187
0 0.491057 0.457074 0.034341 0.035056
0 0.375157 0.502146 0.021463 0.020747
0 0.435996 0.577861 0.029033 0.030353
0 0.341639 0.442594 0.022435 0.023754
0 0.201035 0.429328 0.017133 0.023129
0 0.342379 0.316252 0.018846 0.024842
0 0.024997 0.303403 0.019703 0.023129
0 0.088387 0.056264 0.033409 0.035979
0 0.015711 0.036094 0.031421 0.045478
0 0.278988 0.118370 0.025699 0.029982
0 0.038274 0.200606 0.032552 0.036835
0 0.093527 0.266567 0.029982 0.035122
0 0.077251 0.380071 0.023129 0.027412
0 0.229748 0.368886 0.031852 0.033087
0 0.140681 0.276185 0.019157 0.022895
0 0.400073 0.884947 0.027253 0.034066
0 0.078946 0.548828 0.036798 0.045290
0 0.185696 0.044491 0.021115 0.021995
0 0.207031 0.066011 0.021153 0.023973