0 0.068331 0.335117 0.043875 0.050951
0 0.236753 0.382529 0.041044 0.038213
0 0.278504 0.401636 0.028306 0.028306
0 0.396683 0.491508 0.024060 0.029721
0 0.485139 0.524060 0.028306 0.029721
0 0.420743 0.651438 0.026891 0.026891
0 0.545998 0.774570 0.022645 0.029721
0 0.653561 0.915393 0.025476 0.025476
0 0.927423 0.797215 0.026891 0.026891
0 0.705674 0.982903 0.039121 0.030288
0 0.009751 0.474906 0.019503 0.043112
0 0.114329 0.519814 0.028306 0.029721
0 0.016672 0.608979 0.022645 0.024060
0 0.079327 0.684939 0.033625 0.042926
0 0.040694 0.659541 0.032194 0.055088
0 0.286166 0.935665 0.020205 0.024414