0 0.262523 0.511147 0.018417 0.026171
0 0.169229 0.628431 0.022778 0.021324
0 0.111798 0.634005 0.030048 0.023748
0 0.463379 0.358058 0.018169 0.023279
0 0.455430 0.257847 0.018169 0.024982
0 0.482399 0.203057 0.018736 0.024414
0 0.498864 0.226903 0.016465 0.017601
0 0.519588 0.237123 0.017033 0.021007
0 0.556777 0.319449 0.015330 0.017601
0 0.577500 0.320869 0.015898 0.021575
0 0.560184 0.389853 0.017601 0.022143
0 0.576172 0.367969 0.017969 0.017188
0 0.596094 0.380859 0.018750 0.024219
0 0.621094 0.409766 0.017188 0.019531
0 0.642578 0.445312 0.019531 0.018750
0 0.629297 0.735156 0.021094 0.021875
0 0.648438 0.669531 0.020312 0.020313
0 0.751953 0.604297 0.030469 0.028906
0 0.697656 0.429687 0.020312 0.021875
0 0.652734 0.375391 0.022656 0.025781
0 0.772656 0.322266 0.028125 0.036719
0 0.807422 0.329297 0.030469 0.025781
0 0.820312 0.452734 0.031250 0.030469
0 0.854688 0.421875 0.037500 0.034375
0 0.895703 0.426562 0.032031 0.035937
0 0.833594 0.488281 0.031250 0.029687
0 0.938281 0.289844 0.020312 0.023438
0 0.845313 0.276172 0.023438 0.024219
0 0.841797 0.242969 0.028906 0.025000
0 0.969370 0.913566 0.026042 0.026042
0 0.649927 0.020170 0.026918 0.019406
0 0.633025 0.039263 0.023162 0.026292
0 0.664012 0.095603 0.017528 0.017528
0 0.644606 0.117513 0.033804 0.032552
0 0.693747 0.130033 0.024414 0.022536
0 0.739133 0.154447 0.037560 0.045072
0 0.670585 0.306879 0.020658 0.020658
0 0.711902 0.242713 0.019406 0.016276
0 0.710337 0.203275 0.030048 0.027544
0 0.649927 0.265562 0.015650 0.018154
0 0.647691 0.206777 0.016509 0.016509
0 0.630039 0.179601 0.037081 0.022096
0 0.616705 0.199666 0.018033 0.017017
0 0.608577 0.217572 0.021081 0.019811