0 0.228136 0.089343 0.019317 0.022178
0 0.102221 0.250673 0.017886 0.020032
0 0.102578 0.320427 0.024325 0.025040
0 0.273209 0.369434 0.046503 0.050080
0 0.022808 0.381239 0.030764 0.036487
0 0.138708 0.419156 0.036487 0.042210
0 0.127261 0.483187 0.017886 0.022894
0 0.154089 0.532194 0.031479 0.025040
0 0.132626 0.570112 0.028617 0.027902
0 0.072144 0.413940 0.039062 0.032959
0 0.097886 0.363303 0.018084 0.018723
0 0.085759 0.370430 0.018936 0.021063
0 0.282072 0.525699 0.032209 0.038377
0 0.298177 0.503064 0.017999 0.015702
0 0.229241 0.596676 0.022209 0.024169
0 0.234466 0.724381 0.031355 0.036580
0 0.315792 0.569568 0.032008 0.030048
0 0.343227 0.549318 0.025476 0.037887
0 0.385033 0.564995 0.029395 0.028742
0 0.509798 0.499020 0.035927 0.030048
0 0.470605 0.564015 0.035927 0.035927
0 0.565649 0.638482 0.027435 0.033314
0 0.565649 0.763247 0.030048 0.039846
0 0.542459 0.808973 0.020250 0.020250
0 0.535274 0.856004 0.017637 0.029395
0 0.300115 0.808646 0.035927 0.039193
0 0.383074 0.789376 0.025476 0.026782
0 0.368050 0.827589 0.030701 0.032661
0 0.409856 0.832162 0.041153 0.049645
0 0.171104 0.878540 0.016984 0.016984
0 0.184495 0.896831 0.030701 0.033967
0 0.195600 0.771413 0.026782 0.024822
0 0.213890 0.783497 0.016330 0.020250
0 0.206051 0.815178 0.018943 0.019597
0 0.035561 0.878540 0.030701 0.033967
0 0.102190 0.913488 0.017637 0.020250
0 0.124915 0.976180 0.038266 0.043733
0 0.031642 0.949741 0.025476 0.028742
0 0.464703 0.450191 0.026669 0.021178
0 0.467056 0.594127 0.021963 0.020394
0 0.483920 0.612167 0.013335 0.015688
0 0.519610 0.632954 0.023532 0.025885
0 0.549809 0.568242 0.021178 0.025100
0 0.571771 0.589028 0.035297 0.046279
0 0.311747 0.672173 0.042357 0.068242
0 0.380830 0.690961 0.013537 0.015954
0 0.393883 0.711508 0.042543 0.030941
0 0.455072 0.828537 0.013104 0.016224
0 0.464432 0.851625 0.016848 0.016224
0 0.255079 0.894681 0.017472 0.019968
0 0.291271 0.941169 0.026208 0.025584
0 0.276919 0.977985 0.013728 0.018096
0 0.297199 0.966129 0.015600 0.018096
0 0.370138 0.446324 0.020778 0.018008
0 0.380527 0.493767 0.023548 0.021471
0 0.404768 0.464678 0.040171 0.054715