0 0.013021 0.492375 0.026042 0.049972
0 0.647495 0.485857 0.032328 0.039062
0 0.860991 0.693966 0.033675 0.032328
0 0.916694 0.804141 0.024000 0.022345
0 0.570729 0.128045 0.026568 0.033031
0 0.807709 0.277663 0.025796 0.027024
0 0.768035 0.013797 0.022440 0.024934
0 0.810007 0.107713 0.019947 0.024934
0 0.676337 0.186667 0.032398 0.036100
0 0.672973 0.291284 0.028084 0.037020
0 0.612715 0.251752 0.038332 0.041070
0 0.142530 0.692298 0.031346 0.038580
0 0.191173 0.729951 0.030048 0.030883
0 0.790511 0.367482 0.013855 0.015196
0 0.802759 0.362051 0.013556 0.014812