0 0.497637 0.965049 0.023627 0.029139
0 0.476767 0.911495 0.024414 0.032290
0 0.490549 0.796907 0.022051 0.034652
0 0.487475 0.726352 0.016700 0.022508
0 0.765606 0.987605 0.032081 0.024790
0 0.749794 0.945107 0.019017 0.029297
0 0.758275 0.860043 0.018503 0.029811
0 0.741571 0.824836 0.022101 0.032381
0 0.715615 0.761873 0.019531 0.030839
0 0.719984 0.724095 0.028269 0.043688
0 0.449887 0.643400 0.018503 0.027241
0 0.508481 0.595857 0.016447 0.018503
0 0.521073 0.447060 0.021073 0.025185
0 0.556795 0.431384 0.017475 0.027755
0 0.683491 0.543688 0.039576 0.028269
0 0.750739 0.285948 0.017948 0.019531
0 0.780300 0.351668 0.017948 0.019003
0 0.890625 0.272751 0.020059 0.025866
0 0.915171 0.264305 0.020587 0.018476
0 0.780564 0.306535 0.015308 0.016364
0 0.816723 0.332665 0.031672 0.033784
0 0.878029 0.344106 0.011262 0.012151
0 0.893737 0.355220 0.015412 0.013633
0 0.887365 0.372854 0.019857 0.017486
0 0.900405 0.385006 0.008595 0.008595
0 0.915224 0.385598 0.008595 0.009780
0 0.920115 0.375670 0.006520 0.008891
0 0.925597 0.395083 0.010966 0.015708
0 0.938934 0.397898 0.009780 0.011262
0 0.941750 0.382190 0.012448 0.016004
0 0.905858 0.370343 0.012753 0.015351
0 0.382139 0.680881 0.023091 0.022129