0 0.104375 0.412345 0.020590 0.038827
0 0.012013 0.633542 0.017060 0.052946
0 0.030544 0.640896 0.017649 0.048828
0 0.083784 0.595891 0.027650 0.038827
0 0.108493 0.581184 0.021767 0.048240
0 0.137025 0.555005 0.020002 0.044122
0 0.149673 0.592656 0.026473 0.034709
0 0.271449 0.590597 0.018237 0.038827
0 0.152519 0.658885 0.025318 0.028418
0 0.353516 0.664080 0.042230 0.047508
0 0.165715 0.711902 0.025040 0.030674
0 0.150669 0.749646 0.018546 0.034194
0 0.167186 0.750661 0.015648 0.032745
0 0.202356 0.702585 0.021817 0.027011
0 0.378231 0.748360 0.037375 0.051842
0 0.661373 0.215356 0.018571 0.021773
0 0.577928 0.109375 0.048335 0.044389
0 0.503028 0.929990 0.046936 0.045422
0 0.890625 0.781189 0.024319 0.025839
0 0.915324 0.780809 0.022039 0.028119
0 0.645390 0.424091 0.012583 0.015866
0 0.656469 0.407404 0.019422 0.019695
0 0.633901 0.399472 0.025713 0.025166
0 0.861151 0.193537 0.029830 0.041193
0 0.919966 0.149883 0.022334 0.021896
0 0.916900 0.177472 0.041602 0.039413
0 0.948495 0.072302 0.027730 0.031949
0 0.974416 0.112690 0.019290 0.021099
0 0.954300 0.031898 0.010037 0.011710
0 0.966743 0.039322 0.010665 0.012338
0 0.954823 0.046432 0.013174 0.012756
0 0.713646 0.186078 0.038913 0.034423
0 0.753308 0.226488 0.040409 0.043403