0 0.246094 0.708594 0.032812 0.035938
0 0.492969 0.743750 0.073438 0.084375
0 0.707117 0.573689 0.040064 0.050796
0 0.775178 0.530941 0.023592 0.024752
0 0.763575 0.555500 0.033648 0.032101
0 0.911897 0.586247 0.031714 0.037902
0 0.857170 0.630337 0.040610 0.034035
0 0.815645 0.540233 0.030723 0.027066
0 0.853318 0.544256 0.029992 0.033649
0 0.823326 0.578637 0.031455 0.038038
0 0.863925 0.579734 0.040964 0.032918
0 0.973555 0.839730 0.024285 0.028418
0 0.811292 0.859183 0.025403 0.027069
0 0.895077 0.708111 0.032830 0.026153