0 0.103468 0.443296 0.021264 0.025202
0 0.160960 0.451172 0.016539 0.018901
0 0.251134 0.713426 0.022051 0.026777
0 0.233020 0.755954 0.033077 0.034652
0 0.241290 0.790212 0.021264 0.024414
0 0.271610 0.863061 0.018901 0.022051
0 0.290512 0.886293 0.020476 0.021264
0 0.314138 0.902044 0.018901 0.022839
0 0.347609 0.883931 0.019689 0.021264
0 0.530321 0.956779 0.018114 0.023627
0 0.559854 0.957173 0.023627 0.025989
0 0.798482 0.774855 0.025202 0.036227
0 0.991967 0.927758 0.016066 0.025438
0 0.361140 0.240773 0.029848 0.027902
0 0.410130 0.194378 0.018817 0.029848
0 0.435761 0.189512 0.020764 0.025306
0 0.417917 0.260239 0.024009 0.029200
0 0.433490 0.295603 0.013626 0.019466
0 0.468205 0.282626 0.033742 0.027253
0 0.563266 0.236555 0.022711 0.031146
0 0.646322 0.351731 0.029200 0.031795
0 0.528226 0.336158 0.033093 0.030497
0 0.601225 0.369251 0.029848 0.034391
0 0.688175 0.418890 0.029848 0.025955
0 0.633020 0.603821 0.018169 0.020764
0 0.593114 0.559372 0.042177 0.039582
0 0.431047 0.852354 0.015506 0.018805
0 0.509541 0.795775 0.017960 0.020205
0 0.611009 0.233737 0.021923 0.023916
0 0.310780 0.652664 0.012882 0.016363
0 0.336369 0.668505 0.021585 0.031334
0 0.422689 0.792155 0.021159 0.026042
0 0.450101 0.329884 0.011857 0.016468
0 0.478427 0.318356 0.014492 0.016468
0 0.498024 0.317368 0.015480 0.022397
0 0.371078 0.703028 0.019085 0.020303
0 0.395441 0.725564 0.014212 0.020709
0 0.424068 0.744851 0.023551 0.021115
0 0.472388 0.707291 0.013806 0.026394
0 0.496955 0.738557 0.015024 0.019897
0 0.528508 0.303879 0.013344 0.015366
0 0.664491 0.154267 0.022446 0.025796
0 0.818646 0.237359 0.015366 0.018197
0 0.591461 0.209803 0.018912 0.018586
0 0.671253 0.014909 0.025047 0.029818
0 0.574463 0.018127 0.020752 0.022583
0 0.423241 0.141525 0.024916 0.028935
0 0.600876 0.278319 0.011651 0.014717
0 0.607468 0.306067 0.022996 0.042006
0 0.567637 0.799429 0.022799 0.021279
0 0.460482 0.793729 0.024319 0.022039
0 0.493160 0.696072 0.019759 0.021279
0 0.431983 0.824616 0.029521 0.030702
0 0.643533 0.114204 0.017170 0.020926
0 0.639260 0.243761 0.024371 0.029245
0 0.947272 0.966739 0.014999 0.016914
0 0.224700 0.553723 0.030085 0.034860
0 0.587867 0.649469 0.054439 0.049664
0 0.439114 0.544172 0.037725 0.039636
0 0.506208 0.600044 0.022922 0.031040
0 0.355176 0.574023 0.018359 0.016992
0 0.476827 0.552139 0.026483 0.036083
0 0.821531 0.424786 0.016321 0.018770
0 0.752709 0.433490 0.022850 0.024210
0 0.782088 0.430770 0.025570 0.025842
0 0.897582 0.414454 0.027313 0.025767
0 0.966895 0.423730 0.022675 0.028859
0 0.535021 0.622837 0.032164 0.030471
0 0.383733 0.553031 0.038022 0.035621