0 0.885112 0.666961 0.023627 0.028352
0 0.917901 0.772764 0.024246 0.028960
0 0.394041 0.978397 0.030048 0.026885
0 0.246138 0.452277 0.019443 0.019885
0 0.233102 0.398146 0.016350 0.020327
0 0.235776 0.486294 0.029697 0.031220
0 0.161097 0.217882 0.023148 0.026765
0 0.112630 0.288050 0.017361 0.016638
0 0.041614 0.188596 0.027902 0.024912
0 0.146818 0.195140 0.015180 0.016698
0 0.219045 0.218269 0.023251 0.021701
0 0.242684 0.268648 0.016276 0.027902
0 0.255084 0.240358 0.041078 0.030227
0 0.282211 0.218657 0.016276 0.022476
0 0.424947 0.107057 0.013909 0.014489
0 0.384088 0.069385 0.030717 0.031876
0 0.240356 0.027657 0.019126 0.022603
0 0.195150 0.062141 0.027239 0.028978
0 0.309034 0.013747 0.013909 0.014489
0 0.167331 0.069095 0.016807 0.018546
0 0.156899 0.087062 0.014489 0.015069
0 0.254266 0.100971 0.017966 0.019705
0 0.336021 0.126608 0.019845 0.022978
0 0.245146 0.329718 0.041338 0.036029