0 0.650781 0.599219 0.039062 0.048438
0 0.704408 0.382238 0.022021 0.024893
0 0.946634 0.625421 0.023935 0.026808
0 0.876025 0.535364 0.026604 0.026604
0 0.743144 0.847776 0.017937 0.021923
0 0.899069 0.531573 0.016154 0.021293
0 0.910083 0.519091 0.023496 0.022762
0 0.743005 0.192951 0.027253 0.031795
0 0.782068 0.162972 0.023619 0.029978
0 0.689862 0.201581 0.022711 0.023619
0 0.552689 0.207031 0.017260 0.021802
0 0.413833 0.195901 0.022978 0.020824
0 0.341668 0.280632 0.020824 0.019388
0 0.270823 0.091261 0.023627 0.020476
0 0.094805 0.316107 0.030714 0.024414