0 0.341548 0.488032 0.027765 0.025850
0 0.534153 0.644350 0.034687 0.034153
0 0.574977 0.625139 0.018144 0.021346
0 0.583248 0.582714 0.022947 0.024014
0 0.640881 0.565905 0.031485 0.037355
0 0.738463 0.541334 0.023619 0.029070
0 0.663157 0.663157 0.021437 0.027788
0 0.987099 0.528827 0.021895 0.035883
0 0.886893 0.248395 0.042919 0.041053
0 0.905242 0.124925 0.016172 0.021771
0 0.676698 0.210268 0.033991 0.023740
0 0.703136 0.161171 0.046940 0.038847
0 0.723116 0.210708 0.025735 0.019301
0 0.851103 0.030331 0.039982 0.053768
0 0.788603 0.019531 0.017004 0.015625
0 0.809972 0.034237 0.017463 0.022059
0 0.995413 0.111528 0.009174 0.027980
0 0.926381 0.042861 0.018455 0.024606
0 0.530862 0.113432 0.048683 0.033904