0 0.241985 0.942121 0.021346 0.027749
0 0.273203 0.825521 0.026148 0.026148
0 0.386601 0.880753 0.024547 0.034153
0 0.222256 0.744679 0.017840 0.015071
0 0.306149 0.656718 0.025145 0.023391
0 0.417840 0.736246 0.023975 0.022221
0 0.440061 0.752912 0.020467 0.026315
0 0.459943 0.787413 0.025145 0.023975
0 0.491521 0.773087 0.021636 0.026899
0 0.529297 0.774833 0.024554 0.030134
0 0.418806 0.657087 0.016741 0.020089
0 0.395926 0.567801 0.015625 0.020089
0 0.418527 0.540737 0.018415 0.021763
0 0.382254 0.535435 0.019531 0.021205
0 0.029646 0.249490 0.022645 0.026419
0 0.233450 0.366961 0.022645 0.027363
0 0.274022 0.362715 0.030193 0.030193
0 0.354306 0.478848 0.023722 0.018978
0 0.359446 0.459277 0.014233 0.016210
0 0.349562 0.394041 0.025304 0.030443
0 0.491697 0.461649 0.018582 0.020164
0 0.427845 0.377633 0.030048 0.026094
0 0.436346 0.352725 0.031234 0.022931
0 0.361225 0.281558 0.021745 0.022931
0 0.381587 0.267720 0.016606 0.020559
0 0.415193 0.189042 0.018978 0.019768
0 0.269455 0.017819 0.032114 0.035639
0 0.280372 0.056593 0.027676 0.032420
0 0.329003 0.078536 0.022931 0.024908
0 0.493872 0.041965 0.030048 0.030048
0 0.284524 0.147726 0.039932 0.037560
0 0.233126 0.060745 0.023327 0.018582
0 0.236091 0.082292 0.034002 0.020559
0 0.241824 0.104631 0.027280 0.021745
0 0.176983 0.112538 0.020164 0.025699
0 0.196949 0.127760 0.022141 0.024513
0 0.055966 0.015617 0.024560 0.029628
0 0.072535 0.048169 0.024950 0.025340
0 0.041737 0.123409 0.021831 0.020662
0 0.062009 0.135884 0.027289 0.023001
0 0.129452 0.188514 0.028069 0.026899
0 0.076357 0.269710 0.022945 0.021266
0 0.164219 0.259637 0.024064 0.034697
0 0.785180 0.776793 0.034749 0.034749
0 0.794467 0.748035 0.020969 0.021568
0 0.845991 0.733356 0.019771 0.025762
0 0.864863 0.697110 0.029956 0.037145
0 0.899612 0.636898 0.025163 0.023366
0 0.816933 0.418220 0.025163 0.019771
0 0.853875 0.372533 0.014391 0.016961
0 0.602282 0.673468 0.016961 0.018503
0 0.632093 0.631322 0.026213 0.027755
0 0.663189 0.588662 0.028783 0.025699
0 0.604869 0.631555 0.014425 0.011251
0 0.603570 0.646124 0.017598 0.014425
0 0.605710 0.370127 0.016108 0.021478
0 0.623497 0.385564 0.016779 0.018793
0 0.669472 0.380530 0.033559 0.019464
0 0.663767 0.408720 0.027518 0.022149
0 0.628195 0.419459 0.027518 0.028861
0 0.679540 0.480871 0.018793 0.018793
0 0.548660 0.464092 0.029532 0.033559
0 0.604632 0.474301 0.019091 0.022762
0 0.629596 0.468794 0.026433 0.022028
0 0.610403 0.500648 0.016852 0.019445
0 0.627904 0.500216 0.016420 0.021173
0 0.609107 0.537161 0.013395 0.014692
0 0.625959 0.537161 0.011667 0.012963
0 0.639571 0.526359 0.028519 0.022470
0 0.681485 0.511451 0.019877 0.025494
0 0.687102 0.547748 0.027655 0.019445
0 0.704171 0.522686 0.017716 0.015988
0 0.728153 0.531328 0.018149 0.020309
0 0.710004 0.544075 0.017284 0.022470
0 0.500873 0.374916 0.015723 0.017470
0 0.521663 0.346790 0.025855 0.024108
0 0.348482 0.429526 0.022149 0.025169
0 0.349435 0.368572 0.017449 0.016323
0 0.473223 0.334758 0.020620 0.020333
0 0.489833 0.350222 0.017183 0.019188
0 0.428470 0.287482 0.015294 0.015612
0 0.417956 0.305484 0.019754 0.015294
0 0.427833 0.325079 0.015294 0.014975
0 0.473395 0.303732 0.020392 0.030269
0 0.531949 0.207333 0.032552 0.029538
0 0.564501 0.055122 0.015673 0.016879
0 0.817143 0.082807 0.030159 0.020584
0 0.914800 0.155092 0.013883 0.015797
0 0.898425 0.100639 0.042432 0.041808
0 0.961306 0.212495 0.049852 0.054633
0 0.991020 0.026446 0.017961 0.029455
0 0.725774 0.228534 0.027475 0.022100
0 0.843723 0.218087 0.012395 0.017421
0 0.769583 0.465306 0.014391 0.024671
0 0.818190 0.180272 0.011380 0.014456
0 0.833415 0.192575 0.012918 0.011380
0 0.830493 0.205186 0.014456 0.011996
0 0.466745 0.269559 0.031850 0.031850
0 0.451992 0.308903 0.020140 0.029976
0 0.838241 0.559669 0.015958 0.017346
0 0.523828 0.259277 0.014648 0.021094
0 0.503320 0.249609 0.015039 0.016992