0 0.045228 0.678079 0.034467 0.038297
0 0.227616 0.791054 0.029680 0.028722
0 0.431545 0.587125 0.023935 0.017233
0 0.431545 0.606273 0.022021 0.017233
0 0.527765 0.649835 0.030637 0.027765
0 0.480255 0.679303 0.040557 0.028817
0 0.236076 0.066861 0.039568 0.039568
0 0.113413 0.634736 0.030839 0.023496
0 0.485011 0.748910 0.023619 0.020894
0 0.505905 0.900164 0.029070 0.025436
0 0.825731 0.709173 0.037802 0.039062
0 0.464991 0.608712 0.025796 0.020882
0 0.489559 0.637579 0.030710 0.022111
0 0.484238 0.714501 0.019874 0.022615
0 0.536664 0.711417 0.045230 0.035636
0 0.436785 0.652152 0.026158 0.024414
0 0.445204 0.690430 0.024957 0.020616
0 0.169574 0.726884 0.038527 0.031571
0 0.067957 0.514059 0.026599 0.022039
0 0.103075 0.535177 0.026252 0.023101