0 0.555299 0.279097 0.023532 0.030003
0 0.640896 0.375577 0.025296 0.027650
0 0.638248 0.410286 0.017649 0.018237
0 0.655309 0.427934 0.017649 0.019414
0 0.881747 0.771408 0.020292 0.027902
0 0.818968 0.572291 0.024097 0.025365
0 0.379781 0.460867 0.031024 0.036665
0 0.386569 0.390325 0.027043 0.031550
0 0.432392 0.386569 0.034555 0.039062
0 0.487981 0.371544 0.025541 0.036058
0 0.739752 0.529626 0.035112 0.031821
0 0.030320 0.582310 0.028832 0.027902
0 0.094056 0.697866 0.031914 0.030637
0 0.582894 0.469340 0.041636 0.032552
0 0.617717 0.457985 0.020440 0.024982
0 0.622201 0.495822 0.024022 0.032378