0 0.733596 0.014314 0.015573 0.017520
0 0.895816 0.047407 0.035039 0.047368
0 0.982302 0.206292 0.035396 0.052844
0 0.788176 0.197845 0.021169 0.018772
0 0.827118 0.197645 0.019971 0.019172
0 0.826751 0.955918 0.018169 0.018736
0 0.703545 0.949105 0.029524 0.023279
0 0.450393 0.940677 0.024915 0.022245
0 0.470975 0.920557 0.024187 0.021164
0 0.584041 0.778884 0.029109 0.028170
0 0.607985 0.767616 0.025353 0.018780
0 0.630449 0.761978 0.024504 0.022342
0 0.707305 0.804227 0.025944 0.019091
0 0.903736 0.618453 0.020345 0.020345
0 0.846770 0.602629 0.021249 0.018537
0 0.052552 0.182433 0.019679 0.015743
0 0.962903 0.465485 0.017054 0.016242
0 0.980769 0.473606 0.017054 0.016242
0 0.966354 0.485991 0.015024 0.017460
0 0.883677 0.560987 0.020844 0.019300
0 0.948647 0.521247 0.021247 0.031054
0 0.601701 0.367095 0.061252 0.038138